Institution,Year,AISHE_CODE,UG_cap,PG_cap,UG_M,UG_F,UG_T,PG_M,PG_F,PG_T,TOTAL_M,TOTAL_F,GRAND_TOTAL
 Himalayan Institute of Medical Sciences  Dehradun,2015,C-10213,500,520,279,321,600,102,88,190,396,419,815
 Himalayan Institute of Medical Sciences  Dehradun,2016,C-10213,500,534,293,357,650,113,81,194,421,448,869
 Himalayan Institute of Medical Sciences  Dehradun,2017,C-10213,550,594,447,614,1061,105,92,197,568,719,1287
 Himalayan Institute of Medical Sciences  Dehradun,2018,C-10213,600,657,518,656,1174,117,110,227,649,774,1423
 Vinayaka Missions Medical College  Pondicherry,2012,C-10215,500,324,334,266,600,48,20,68,391,297,688
 Vinayaka Missions Medical College  Pondicherry,2015,C-10215,500,346,303,297,600,59,16,75,376,321,697
 Vinayaka Missions Medical College  Pondicherry,2016,C-10215,500,365,319,281,600,55,19,74,387,309,696
 Vinayaka Missions Medical College  Pondicherry,2017,C-10215,500,381,246,253,499,45,21,66,306,289,595
 Vinayaka Missions Medical College  Pondicherry,2018,C-10215,500,383,269,231,500,51,21,72,331,263,594
 Aarupadai Veedu Medical College  Pondicherry,2012,C-10217,500,360,313,345,658,52,24,76,373,373,746
 Aarupadai Veedu Medical College  Pondicherry,2014,C-10217,500,371,281,295,576,63,23,86,350,323,673
 Aarupadai Veedu Medical College  Pondicherry,2015,C-10217,500,383,295,348,643,60,21,81,361,375,736
 Aarupadai Veedu Medical College  Pondicherry,2016,C-10217,500,393,255,225,480,62,20,82,323,251,574
 Aarupadai Veedu Medical College  Pondicherry,2017,C-10217,500,399,283,340,623,65,15,80,359,364,723
 Aarupadai Veedu Medical College  Pondicherry,2018,C-10217,500,402,636,722,1358,59,36,95,721,769,1490
 Vinayaka Missions Kirupananda Variyar Medical College  Salem,2012,C-10219,500,426,315,293,608,78,31,109,403,326,729
 Vinayaka Missions Kirupananda Variyar Medical College  Salem,2013,C-10219,500,439,298,312,610,89,48,137,397,362,759
 Vinayaka Missions Kirupananda Variyar Medical College  Salem,2014,C-10219,500,444,294,310,604,97,55,152,398,370,768
 Vinayaka Missions Kirupananda Variyar Medical College  Salem,2015,C-10219,500,451,298,305,603,95,57,152,400,366,766
 Vinayaka Missions Kirupananda Variyar Medical College  Salem,2016,C-10219,500,458,301,296,597,96,49,145,406,347,753
 Vinayaka Missions Kirupananda Variyar Medical College  Salem,2017,C-10219,500,462,283,312,595,95,49,144,385,366,751
 Vinayaka Missions Kirupananda Variyar Medical College  Salem,2018,C-10219,500,471,281,315,596,82,49,131,370,368,738
 CU Shah Medical College  Surendra Nagar,2012,C-1039,500,384,298,176,474,56,22,78,363,204,567
 CU Shah Medical College  Surendra Nagar,2013,C-1039,500,390,266,243,509,60,27,87,346,280,626
 CU Shah Medical College  Surendra Nagar,2014,C-1039,500,394,252,262,514,70,26,96,341,299,640
 CU Shah Medical College  Surendra Nagar,2015,C-1039,500,406,247,252,499,70,26,96,336,289,625
 CU Shah Medical College  Surendra Nagar,2016,C-1039,500,418,255,245,500,76,28,104,349,285,634
 CU Shah Medical College  Surendra Nagar,2017,C-1039,500,426,266,234,500,90,32,122,372,280,652
 CU Shah Medical College  Surendra Nagar,2018,C-1039,500,435,264,236,500,84,34,118,362,281,643
 Indira Gandhi Medical College  Shimla,2013,C-11340,500,520,227,273,500,0,0,0,227,273,500
 Indira Gandhi Medical College  Shimla,2014,C-11340,500,558,227,273,500,0,0,0,227,273,500
 Indira Gandhi Medical College  Shimla,2015,C-11340,500,597,227,273,500,0,0,0,227,273,500
 Indira Gandhi Medical College  Shimla,2016,C-11340,500,637,233,498,731,202,88,290,435,586,1021
 Indira Gandhi Medical College  Shimla,2017,C-11340,500,673,243,437,680,61,164,225,304,601,905
 Indira Gandhi Medical College  Shimla,2018,C-11340,500,706,205,295,500,144,156,300,349,451,800
 Dr. Rajendar Prasad Government Medical College  Tanda  H.P,2012,C-11393,500,368,149,151,300,0,0,0,149,151,300
 Dr. Rajendar Prasad Government Medical College  Tanda  H.P,2013,C-11393,500,392,197,231,428,51,30,81,248,347,595
 Dr. Rajendar Prasad Government Medical College  Tanda  H.P,2016,C-11393,500,438,207,284,491,0,0,0,207,284,491
 Dr. Rajendar Prasad Government Medical College  Tanda  H.P,2017,C-11393,500,502,207,274,481,0,0,0,207,274,481
 Dr. Rajendar Prasad Government Medical College  Tanda  H.P,2018,C-11393,500,559,215,264,479,0,0,0,215,264,479
 Malankara Orthodox Syrian Church Medical College  Kolenchery,2012,C-11594,500,316,107,387,494,3,4,7,110,391,501
 Malankara Orthodox Syrian Church Medical College  Kolenchery,2014,C-11594,500,332,97,402,499,12,11,23,113,414,527
 Malankara Orthodox Syrian Church Medical College  Kolenchery,2015,C-11594,500,337,107,392,499,15,12,27,128,412,540
 Malankara Orthodox Syrian Church Medical College  Kolenchery,2016,C-11594,500,338,107,392,499,22,11,33,135,411,546
 Malankara Orthodox Syrian Church Medical College  Kolenchery,2017,C-11594,500,339,115,385,500,17,19,36,138,412,550
 Malankara Orthodox Syrian Church Medical College  Kolenchery,2018,C-11594,500,339,156,344,500,14,19,33,175,372,547
 Sree Narayana Instt. of Medical Sciences  Chalakka Ernakulam,2012,C-11650,400,300,39,202,241,0,0,0,39,202,241
 Sree Narayana Instt. of Medical Sciences  Chalakka Ernakulam,2013,C-11650,500,300,130,270,400,0,0,0,130,270,400
 Sree Narayana Instt. of Medical Sciences  Chalakka Ernakulam,2014,C-11650,500,302,72,269,341,0,0,0,72,269,341
 Sree Narayana Instt. of Medical Sciences  Chalakka Ernakulam,2015,C-11650,500,304,194,406,600,0,0,0,194,406,600
 Sree Narayana Instt. of Medical Sciences  Chalakka Ernakulam,2016,C-11650,500,306,188,412,600,0,0,0,188,412,600
 Sree Narayana Instt. of Medical Sciences  Chalakka Ernakulam,2017,C-11650,500,306,188,412,600,1,0,1,189,412,601
 Sree Narayana Instt. of Medical Sciences  Chalakka Ernakulam,2018,C-11650,500,306,188,412,600,1,0,1,189,412,601
 Pushpagiri Institute Of Medical Sciences and Research Centre  Tiruvalla,2016,C-11827,500,416,0,0,0,35,48,83,49,59,108
 Pushpagiri Institute Of Medical Sciences and Research Centre  Tiruvalla,2017,C-11827,500,421,142,323,465,35,47,82,187,381,568
 Pushpagiri Institute Of Medical Sciences and Research Centre  Tiruvalla,2018,C-11827,500,432,149,320,469,40,58,98,203,390,593
 Pramukhswami Medical College  Karmsad,2012,C-1215,0,106,282,228,510,66,31,97,375,270,645
 Pramukhswami Medical College  Karmsad,2013,C-1215,100,214,251,252,503,78,38,116,348,309,657
 Pramukhswami Medical College  Karmsad,2014,C-1215,200,319,231,269,500,75,49,124,327,335,662
 Pramukhswami Medical College  Karmsad,2015,C-1215,300,434,216,284,500,73,47,120,313,345,658
 Pramukhswami Medical College  Karmsad,2016,C-1215,400,452,221,278,499,62,55,117,304,349,653
 Pramukhswami Medical College  Karmsad,2017,C-1215,550,517,243,290,533,65,50,115,323,361,684
 Pramukhswami Medical College  Karmsad,2018,C-1215,550,534,266,327,593,53,49,102,337,392,729
 GSVM Medical College  Kanpur,2013,C-12290,950,903,373,358,731,0,0,0,373,358,731
 GSVM Medical College  Kanpur,2014,C-12290,950,903,254,216,470,0,0,0,254,216,470
 GSVM Medical College  Kanpur,2015,C-12290,950,903,460,300,760,0,0,0,460,300,760
 GSVM Medical College  Kanpur,2016,C-12290,950,903,572,360,932,0,0,0,572,360,932
 GSVM Medical College  Kanpur,2017,C-12290,950,908,584,366,950,0,0,0,584,366,950
 Major S D Singh Medical College and Hospital  Fathehgarh  Farrukhabad,2013,C-12395,200,0,126,64,190,0,0,0,126,64,190
 Major S D Singh Medical College and Hospital  Fathehgarh  Farrukhabad,2014,C-12395,100,0,200,90,290,0,0,0,200,90,290
 Major S D Singh Medical College and Hospital  Fathehgarh  Farrukhabad,2015,C-12395,0,0,268,122,390,0,0,0,268,122,390
 Major S D Singh Medical College and Hospital  Fathehgarh  Farrukhabad,2016,C-12395,0,0,268,119,387,0,0,0,268,119,387
 Major S D Singh Medical College and Hospital  Fathehgarh  Farrukhabad,2017,C-12395,0,0,188,81,269,0,0,0,188,81,269
 Rohilkhand Medical College & Hospital  Bareilly,2012,C-13338,750,496,288,208,496,0,0,0,288,208,496
 Rohilkhand Medical College & Hospital  Bareilly,2013,C-13338,750,544,370,275,645,24,10,34,395,285,680
 Rohilkhand Medical College & Hospital  Bareilly,2014,C-13338,750,578,386,284,670,52,28,80,440,312,752
 Rohilkhand Medical College & Hospital  Bareilly,2015,C-13338,750,594,386,285,671,85,38,123,472,324,796
 Rohilkhand Medical College & Hospital  Bareilly,2016,C-13338,750,594,410,311,721,104,49,153,514,362,876
 Shri Ram Murti Smarak Institute of Medical Sciences  Bareilly,2012,C-13448,500,374,247,252,499,20,0,20,267,252,519
 Shri Ram Murti Smarak Institute of Medical Sciences  Bareilly,2013,C-13448,500,416,229,266,495,40,26,66,269,292,561
 Shri Ram Murti Smarak Institute of Medical Sciences  Bareilly,2014,C-13448,500,426,169,231,400,63,49,112,232,280,512
 Shri Ram Murti Smarak Institute of Medical Sciences  Bareilly,2015,C-13448,500,450,220,280,500,85,68,153,305,348,653
 Shri Ram Murti Smarak Institute of Medical Sciences  Bareilly,2016,C-13448,500,474,228,270,498,85,64,149,313,334,647
 Shri Ram Murti Smarak Institute of Medical Sciences  Bareilly,2017,C-13448,500,504,227,273,500,91,68,159,318,341,659
 Shri Ram Murti Smarak Institute of Medical Sciences  Bareilly,2018,C-13448,500,528,224,276,500,83,61,144,307,337,644
 Dr. Panjabrao Alias Bhausaheb Deshmukh Memorial Medical College  Amravati,2012,C-13740,500,347,285,182,467,0,0,0,285,182,467
 Dr. Panjabrao Alias Bhausaheb Deshmukh Memorial Medical College  Amravati,2013,C-13740,500,375,270,199,469,0,0,0,270,199,469
 Dr. Panjabrao Alias Bhausaheb Deshmukh Memorial Medical College  Amravati,2014,C-13740,500,384,262,227,489,0,0,0,262,227,489
 Dr. Panjabrao Alias Bhausaheb Deshmukh Memorial Medical College  Amravati,2015,C-13740,500,384,251,213,464,0,0,0,251,213,464
 Dr. Panjabrao Alias Bhausaheb Deshmukh Memorial Medical College  Amravati,2016,C-13740,500,384,253,225,478,0,0,0,253,225,478
 Dr. Panjabrao Alias Bhausaheb Deshmukh Memorial Medical College  Amravati,2017,C-13740,500,384,254,246,500,30,18,48,284,264,548
 Dr. Panjabrao Alias Bhausaheb Deshmukh Memorial Medical College  Amravati,2018,C-13740,500,392,53,47,100,7,6,13,60,53,113
 Postgraduate Institute of Swasthiyog Pratisthan  Miraj,2017,C-13759,0,6,0,0,0,5,1,6,9,1,10
 Postgraduate Institute of Swasthiyog Pratisthan  Miraj,2018,C-13759,0,6,0,0,0,4,1,5,7,1,8
 KJ Somaiyya Medical College & Research Centre  Mumbai,2012,C-13769,250,167,98,152,250,3,2,5,101,154,255
 KJ Somaiyya Medical College & Research Centre  Mumbai,2013,C-13769,250,171,86,164,250,4,2,6,90,166,256
 KJ Somaiyya Medical College & Research Centre  Mumbai,2014,C-13769,250,171,70,180,250,4,4,8,74,184,258
 KJ Somaiyya Medical College & Research Centre  Mumbai,2015,C-13769,250,171,71,179,250,6,3,9,77,182,259
 KJ Somaiyya Medical College & Research Centre  Mumbai,2016,C-13769,250,175,74,176,250,5,4,9,79,180,259
 KJ Somaiyya Medical College & Research Centre  Mumbai,2017,C-13769,250,180,85,165,250,4,5,9,89,170,259
 KJ Somaiyya Medical College & Research Centre  Mumbai,2018,C-13769,250,185,88,162,250,4,6,10,92,168,260
 Institute of Navel Medicine  INHS   Aswini,2013,C-13774,0,81,0,0,0,94,0,94,96,0,96
 Institute of Navel Medicine  INHS   Aswini,2014,C-13774,0,91,0,0,0,95,0,95,97,0,97
 Institute of Navel Medicine  INHS   Aswini,2015,C-13774,0,103,0,0,0,63,30,93,65,30,95
 Institute of Navel Medicine  INHS   Aswini,2016,C-13774,0,115,0,0,0,71,21,92,79,21,100
 Institute of Navel Medicine  INHS   Aswini,2017,C-13774,0,117,0,0,0,92,0,92,94,0,94
 Institute of Navel Medicine  INHS   Aswini,2018,C-13774,0,124,0,0,0,85,14,99,87,14,101
 Smt. Kashibai Navale Medical College and General Hospital Pune,2012,C-13781,500,341,271,218,489,4,6,10,277,228,505
 Smt. Kashibai Navale Medical College and General Hospital Pune,2013,C-13781,500,385,258,263,521,5,11,16,263,275,538
 Smt. Kashibai Navale Medical College and General Hospital Pune,2014,C-13781,500,409,258,263,521,23,21,44,281,284,565
 Smt. Kashibai Navale Medical College and General Hospital Pune,2015,C-13781,500,441,259,299,558,35,30,65,294,332,626
 Smt. Kashibai Navale Medical College and General Hospital Pune,2016,C-13781,500,449,293,344,637,52,39,91,345,385,730
 Smt. Kashibai Navale Medical College and General Hospital Pune,2017,C-13781,500,514,312,363,675,55,37,92,367,401,768
 Smt. Kashibai Navale Medical College and General Hospital Pune,2018,C-13781,550,621,343,379,722,76,63,139,419,442,861
 Seth GS Medical College  Mumbai,2013,C-13798,900,1158,588,452,1040,330,247,577,991,751,1742
 Seth GS Medical College  Mumbai,2014,C-13798,900,1211,80,31,111,39,16,55,119,47,166
 Seth GS Medical College  Mumbai,2017,C-13798,900,1370,726,746,1472,293,352,645,1067,1159,2226
 Seth GS Medical College  Mumbai,2018,C-13798,900,1425,724,740,1464,314,343,657,1087,1142,2229
 Sanjeevan Medical Foundation ENT Post Graduate Training Instt.  Miraj,2017,C-13804,0,3,0,0,0,0,3,3,1,5,6
 Sanjeevan Medical Foundation ENT Post Graduate Training Instt.  Miraj,2018,C-13804,0,3,0,0,0,1,2,3,4,2,6
 Dr. Ulhas Patil Medical College & Hospital  Jalgaon,2012,C-13807,500,300,245,153,398,0,0,0,245,153,398
 Dr. Ulhas Patil Medical College & Hospital  Jalgaon,2013,C-13807,500,310,224,175,399,0,0,0,224,175,399
 Dr. Ulhas Patil Medical College & Hospital  Jalgaon,2014,C-13807,500,320,224,175,399,0,0,0,224,175,399
 Dr. Ulhas Patil Medical College & Hospital  Jalgaon,2015,C-13807,500,330,234,165,399,0,0,0,234,165,399
 Dr. Ulhas Patil Medical College & Hospital  Jalgaon,2016,C-13807,500,330,263,186,449,0,0,0,263,186,449
 Dr. Ulhas Patil Medical College & Hospital  Jalgaon,2017,C-13807,550,380,279,221,500,0,0,0,279,221,500
 Dr. Ulhas Patil Medical College & Hospital  Jalgaon,2018,C-13807,550,380,274,225,499,0,0,0,274,225,499
 Government Medical College  Aurangabad,2013,C-13824,750,651,139,71,210,0,0,0,139,71,210
 Government Medical College  Aurangabad,2014,C-13824,750,654,109,92,201,0,0,0,109,92,201
 Government Medical College  Aurangabad,2018,C-13824,750,796,321,277,598,135,84,219,468,390,858
 Shri Vasant Rao Naik Govt. Medical College  Yavatmal,2013,C-13827,0,59,44,27,71,0,0,0,44,27,71
 Shri Vasant Rao Naik Govt. Medical College  Yavatmal,2014,C-13827,100,163,97,68,165,0,0,0,97,68,165
 Shri Vasant Rao Naik Govt. Medical College  Yavatmal,2015,C-13827,200,264,105,50,155,0,0,0,105,50,155
 Shri Vasant Rao Naik Govt. Medical College  Yavatmal,2018,C-13827,550,489,343,406,749,46,21,67,389,427,816
 Armed Forces Medical College  Pune,2012,C-13844,700,828,0,0,0,319,0,319,340,0,340
 Armed Forces Medical College  Pune,2013,C-13844,700,831,350,150,500,312,67,379,665,220,885
 Armed Forces Medical College  Pune,2014,C-13844,700,862,350,150,500,351,69,420,703,220,923
 Armed Forces Medical College  Pune,2015,C-13844,700,901,350,150,500,314,68,382,664,218,882
 Armed Forces Medical College  Pune,2016,C-13844,700,937,536,133,669,294,90,384,830,223,1053
 Armed Forces Medical College  Pune,2017,C-13844,700,945,543,124,667,256,77,333,799,201,1000
 Armed Forces Medical College  Pune,2018,C-13844,700,968,0,0,0,287,82,369,287,82,369
 Grant Medical College  Mumbai,2013,C-13853,1000,1020,146,52,198,0,0,0,146,52,198
 Grant Medical College  Mumbai,2014,C-13853,1000,1037,122,86,208,0,0,0,122,86,208
 Rajiv Gandhi Medical College and Chhatrapati Shivaji Maharaj Hospital  Thane,2013,C-13875,300,180,108,52,160,0,0,0,108,52,160
 Rajiv Gandhi Medical College and Chhatrapati Shivaji Maharaj Hospital  Thane,2014,C-13875,300,180,129,149,278,0,0,0,129,149,278
 Rajiv Gandhi Medical College and Chhatrapati Shivaji Maharaj Hospital  Thane,2015,C-13875,300,180,98,131,229,0,0,0,98,131,229
 Rajiv Gandhi Medical College and Chhatrapati Shivaji Maharaj Hospital  Thane,2016,C-13875,300,180,126,174,300,0,0,0,126,174,300
 Rajiv Gandhi Medical College and Chhatrapati Shivaji Maharaj Hospital  Thane,2017,C-13875,300,180,127,173,300,0,0,0,127,173,300
 Rajiv Gandhi Medical College and Chhatrapati Shivaji Maharaj Hospital  Thane,2018,C-13875,300,180,139,161,300,0,0,0,139,161,300
 Sri Bhausaheb Hire Government Medical College  Dhule,2013,C-13880,650,350,360,390,750,0,0,0,360,390,750
 Sri Bhausaheb Hire Government Medical College  Dhule,2014,C-13880,550,250,313,337,650,0,0,0,313,337,650
 Sri Bhausaheb Hire Government Medical College  Dhule,2015,C-13880,450,150,290,310,600,0,0,0,290,310,600
 Sri Bhausaheb Hire Government Medical College  Dhule,2018,C-13880,350,250,247,252,499,0,0,0,247,252,499
 Topiwala National Medical College  Mumbai,2012,C-13881,600,709,444,266,710,237,162,399,710,453,1163
 Topiwala National Medical College  Mumbai,2013,C-13881,600,710,354,351,705,270,176,446,652,553,1205
 Topiwala National Medical College  Mumbai,2014,C-13881,600,729,341,353,694,266,172,438,634,551,1185
 Topiwala National Medical College  Mumbai,2015,C-13881,600,750,318,372,690,255,179,434,606,571,1177
 Topiwala National Medical College  Mumbai,2017,C-13881,600,821,326,399,725,275,198,473,626,625,1251
 Topiwala National Medical College  Mumbai,2018,C-13881,600,865,755,0,755,490,0,490,1285,0,1285
 Government Medical College  Nagpur,2012,C-13885,1000,883,424,376,800,178,0,178,644,376,1020
 Government Medical College  Nagpur,2013,C-13885,1000,888,695,305,1000,140,21,161,870,333,1203
 Government Medical College  Nagpur,2014,C-13885,1000,898,588,405,993,121,52,173,747,475,1222
 Government Medical College  Nagpur,2015,C-13885,1000,908,523,502,1025,131,80,211,689,614,1303
 Government Medical College  Nagpur,2016,C-13885,1000,918,538,564,1102,135,86,221,700,672,1372
 Government Medical College  Nagpur,2017,C-13885,1000,961,520,471,991,127,86,213,671,581,1252
 Government Medical College  Nagpur,2018,C-13885,1000,1012,540,563,1103,155,96,251,727,694,1421
 Terna Medical College  Navi Mumbai,2012,C-13892,500,300,249,195,444,0,0,0,249,195,444
 Terna Medical College  Navi Mumbai,2013,C-13892,500,300,248,222,470,0,0,0,248,222,470
 Terna Medical College  Navi Mumbai,2014,C-13892,500,303,230,263,493,0,0,0,230,263,493
 Terna Medical College  Navi Mumbai,2015,C-13892,500,306,183,294,477,0,0,0,183,294,477
 Terna Medical College  Navi Mumbai,2016,C-13892,500,309,227,286,513,0,0,0,227,286,513
 Terna Medical College  Navi Mumbai,2017,C-13892,500,309,239,331,570,0,0,0,239,331,570
 Terna Medical College  Navi Mumbai,2018,C-13892,500,309,200,285,485,0,0,0,200,285,485
 Lokmanya Tilak Municipal Medical College  Sion  Mumbai,2012,C-13904,500,643,208,165,373,195,102,297,430,287,717
 Lokmanya Tilak Municipal Medical College  Sion  Mumbai,2013,C-13904,500,648,194,161,355,163,172,335,370,355,725
 Lokmanya Tilak Municipal Medical College  Sion  Mumbai,2014,C-13904,500,651,182,166,348,163,172,335,345,366,711
 Lokmanya Tilak Municipal Medical College  Sion  Mumbai,2015,C-13904,500,654,227,200,427,208,184,392,448,399,847
 Lokmanya Tilak Municipal Medical College  Sion  Mumbai,2018,C-13904,550,959,280,220,500,198,206,404,503,454,957
 ESI-PGIMSR ESI-Hospital Parel Mumbai,2012,C-13909,0,37,0,0,0,6,0,6,6,0,6
 ESI-PGIMSR ESI-Hospital Parel Mumbai,2013,C-13909,0,18,0,0,0,12,0,12,12,0,12
 ESI-PGIMSR ESI-Hospital Parel Mumbai,2014,C-13909,0,18,0,0,0,17,1,18,17,1,18
 ESI-PGIMSR ESI-Hospital Parel Mumbai,2015,C-13909,0,18,0,0,0,11,1,12,11,1,12
 ESI-PGIMSR ESI-Hospital Parel Mumbai,2016,C-13909,0,18,0,0,0,5,1,6,5,1,6
 N. K. P. Salve Instt. of Medical Sciences and Research Centre and Lata Mangeshkar Hospital  Nagpur,2013,C-13914,750,619,87,58,145,0,0,0,87,58,145
 N. K. P. Salve Instt. of Medical Sciences and Research Centre and Lata Mangeshkar Hospital  Nagpur,2014,C-13914,750,639,83,72,155,0,0,0,83,72,155
 SRTR Medical College  Ambajogai,2013,C-13930,50,155,52,23,75,0,0,0,52,23,75
 SRTR Medical College  Ambajogai,2014,C-13930,100,205,87,78,165,0,0,0,87,78,165
 SRTR Medical College  Ambajogai,2015,C-13930,150,257,92,58,150,0,0,0,92,58,150
 SRTR Medical College  Ambajogai,2018,C-13930,350,394,244,255,499,42,47,89,286,302,588
 Government Medical College  Akola,2013,C-13931,100,112,309,251,560,0,0,0,309,251,560
 Government Medical College  Akola,2014,C-13931,200,210,280,254,534,0,0,0,280,254,534
 Indira Gandhi Medical College & Hospital  Nagpur,2012,C-13941,0,153,49,51,100,0,0,0,49,51,100
 Indira Gandhi Medical College & Hospital  Nagpur,2013,C-13941,100,253,0,0,0,100,55,155,110,61,171
 Indira Gandhi Medical College & Hospital  Nagpur,2014,C-13941,200,356,0,0,0,96,62,158,107,65,172
 Indira Gandhi Medical College & Hospital  Nagpur,2016,C-13941,400,471,0,0,0,78,64,142,89,69,158
 Indira Gandhi Medical College & Hospital  Nagpur,2017,C-13941,550,553,0,0,0,80,63,143,91,68,159
 Indira Gandhi Medical College & Hospital  Nagpur,2018,C-13941,600,637,0,0,0,108,60,168,117,68,185
 ACPM Medical College  Dhule,2013,C-13964,0,24,239,236,475,0,0,0,239,236,475
 ACPM Medical College  Dhule,2014,C-13964,0,24,254,230,484,0,0,0,254,230,484
 ACPM Medical College  Dhule,2015,C-13964,0,41,334,226,560,0,0,0,334,226,560
 ACPM Medical College  Dhule,2017,C-13964,0,75,0,0,0,0,0,0,0,0,0
 ACPM Medical College  Dhule,2018,C-13964,0,76,274,116,390,42,15,57,319,133,452
 Maharashtra Institute of Medical Education & Research  Talegaon Pune,2013,C-13968,100,166,253,247,500,14,9,23,267,256,523
 Maharashtra Institute of Medical Education & Research  Talegaon Pune,2014,C-13968,200,276,248,252,500,4,8,12,254,262,516
 Maharashtra Institute of Medical Education & Research  Talegaon Pune,2015,C-13968,300,384,257,293,550,13,6,19,270,301,571
 Maharashtra Institute of Medical Education & Research  Talegaon Pune,2016,C-13968,400,390,277,311,588,15,7,22,294,322,616
 Maharashtra Institute of Medical Education & Research  Talegaon Pune,2017,C-13968,550,440,259,341,600,11,7,18,273,352,625
 Maharashtra Institute of Medical Education & Research  Talegaon Pune,2018,C-13968,550,443,259,341,600,12,4,16,276,351,627
 Dr. Shankarrao Chavan Govt. Medical College  Nanded,2012,C-13985,0,87,123,127,250,54,28,82,179,157,336
 Dr. Shankarrao Chavan Govt. Medical College  Nanded,2013,C-13985,50,139,120,130,250,57,25,82,179,157,336
 Dr. Shankarrao Chavan Govt. Medical College  Nanded,2014,C-13985,100,191,147,153,300,60,20,80,210,174,384
 Dr. Shankarrao Chavan Govt. Medical College  Nanded,2015,C-13985,150,247,176,174,350,50,26,76,229,201,430
 Dr. Shankarrao Chavan Govt. Medical College  Nanded,2016,C-13985,200,254,202,198,400,43,30,73,249,229,478
 Dr. Shankarrao Chavan Govt. Medical College  Nanded,2017,C-13985,300,335,227,223,450,35,36,71,265,261,526
 Dr. Shankarrao Chavan Govt. Medical College  Nanded,2018,C-13985,350,414,255,245,500,61,46,107,318,297,615
 Maharashtra Institute of Medical  Sciences & Research  Latur,2012,C-14002,500,342,284,230,514,0,0,0,284,230,514
 Maharashtra Institute of Medical  Sciences & Research  Latur,2013,C-14002,500,355,284,230,514,0,0,0,284,230,514
 Maharashtra Institute of Medical  Sciences & Research  Latur,2014,C-14002,500,359,258,207,465,0,0,0,258,207,465
 Maharashtra Institute of Medical  Sciences & Research  Latur,2015,C-14002,500,366,284,254,538,0,0,0,284,254,538
 Maharashtra Institute of Medical  Sciences & Research  Latur,2016,C-14002,500,374,248,265,513,0,0,0,248,265,513
 Maharashtra Institute of Medical  Sciences & Research  Latur,2017,C-14002,550,432,264,297,561,0,0,0,264,297,561
 Maharashtra Institute of Medical  Sciences & Research  Latur,2018,C-14002,600,486,302,317,619,0,0,0,302,317,619
 Government Medical College  Latur,2012,C-14007,500,400,181,171,352,41,16,57,236,255,491
 Government Medical College  Latur,2013,C-14007,500,412,242,190,432,59,28,87,309,281,590
 Government Medical College  Latur,2014,C-14007,500,414,215,230,445,61,27,88,288,315,603
 Government Medical College  Latur,2015,C-14007,500,414,275,323,598,63,24,87,356,420,776
 Government Medical College  Latur,2018,C-14007,600,556,0,0,0,0,0,0,0,0,0
 B. J.  Govt. Medical College  Pune,2014,C-14010,1000,927,0,0,0,0,0,0,0,0,0
 ESI-PGIMSR ESI-Hospital Andheri(E) Mumbai,2017,C-14012,0,56,0,0,0,15,15,30,15,15,30
 ESI-PGIMSR ESI-Hospital Andheri(E) Mumbai,2018,C-14012,0,66,0,0,0,16,12,28,16,12,28
 Rajashree Chatrapati Shahu Maharaj Government Medical College  Kolhapur,2013,C-14015,650,400,120,152,272,0,0,0,120,152,272
 Rajashree Chatrapati Shahu Maharaj Government Medical College  Kolhapur,2014,C-14015,650,350,232,266,498,0,0,0,232,266,498
 Rajashree Chatrapati Shahu Maharaj Government Medical College  Kolhapur,2015,C-14015,600,300,267,308,575,0,0,0,267,308,575
 Rajashree Chatrapati Shahu Maharaj Government Medical College  Kolhapur,2016,C-14015,550,300,276,308,584,0,0,0,276,308,584
 Rajashree Chatrapati Shahu Maharaj Government Medical College  Kolhapur,2017,C-14015,550,350,303,343,646,0,0,0,303,343,646
 Rajashree Chatrapati Shahu Maharaj Government Medical College  Kolhapur,2018,C-14015,600,400,336,363,699,0,0,0,336,363,699
 Dr Vaishampayan Memorial Medical College  Solapur,2013,C-14018,750,627,134,46,180,0,0,0,134,46,180
 Dr Vaishampayan Memorial Medical College  Solapur,2014,C-14018,750,627,118,89,207,0,0,0,118,89,207
 Dr Vaishampayan Memorial Medical College  Solapur,2017,C-14018,750,638,419,380,799,68,59,127,498,447,945
 Dr Vaishampayan Memorial Medical College  Solapur,2018,C-14018,750,651,395,354,749,65,64,129,471,423,894
 Government Medical College  Miraj,2012,C-14032,0,123,243,257,500,84,31,115,344,309,653
 Government Medical College  Miraj,2013,C-14032,0,123,228,272,500,78,37,115,321,332,653
 Government Medical College  Miraj,2014,C-14032,100,233,252,297,549,79,34,113,354,352,706
 Government Medical College  Miraj,2015,C-14032,200,343,281,318,599,69,35,104,373,372,745
 Government Medical College  Miraj,2017,C-14032,400,470,346,352,698,52,43,95,410,414,824
 Government Medical College  Miraj,2018,C-14032,550,541,418,391,809,55,57,112,484,472,956
 Mahatma Gandhi Institute of Medical Sciences  Sevagram  Wardha,2012,C-14034,325,357,159,112,271,78,65,143,267,196,463
 Mahatma Gandhi Institute of Medical Sciences  Sevagram  Wardha,2013,C-14034,325,360,172,138,310,83,62,145,283,222,505
 Mahatma Gandhi Institute of Medical Sciences  Sevagram  Wardha,2014,C-14034,325,363,161,165,326,87,61,148,270,241,511
 Mahatma Gandhi Institute of Medical Sciences  Sevagram  Wardha,2015,C-14034,325,367,159,166,325,87,61,148,269,244,513
 Mahatma Gandhi Institute of Medical Sciences  Sevagram  Wardha,2016,C-14034,325,368,166,179,345,77,69,146,267,267,534
 Mahatma Gandhi Institute of Medical Sciences  Sevagram  Wardha,2017,C-14034,360,404,166,180,346,70,69,139,263,270,533
 Mahatma Gandhi Institute of Medical Sciences  Sevagram  Wardha,2018,C-14034,395,446,174,167,341,61,60,121,255,246,501
 Padmashri Dr. Vithalrao Vikhe Patil Foundations Medical College  Ahmednagar,2012,C-14045,500,364,13,98,111,3,2,5,16,100,116
 Padmashri Dr. Vithalrao Vikhe Patil Foundations Medical College  Ahmednagar,2013,C-14045,500,401,13,98,111,1,2,3,14,100,114
 Padmashri Dr. Vithalrao Vikhe Patil Foundations Medical College  Ahmednagar,2014,C-14045,500,410,25,98,123,1,3,4,26,101,127
 Padmashri Dr. Vithalrao Vikhe Patil Foundations Medical College  Ahmednagar,2015,C-14045,500,414,1,29,30,0,6,6,1,35,36
 Padmashri Dr. Vithalrao Vikhe Patil Foundations Medical College  Ahmednagar,2016,C-14045,500,417,14,40,54,0,0,0,14,40,54
 Padmashri Dr. Vithalrao Vikhe Patil Foundations Medical College  Ahmednagar,2017,C-14045,550,470,5,130,135,1,7,8,6,137,143
 Padmashri Dr. Vithalrao Vikhe Patil Foundations Medical College  Ahmednagar,2018,C-14045,600,525,19,126,145,1,19,20,20,145,165
 BRD Medical College  Gorakhpur,2013,C-14117,50,149,250,99,349,70,53,123,333,163,496
 Sri Devaraj URS Medical College  Kolar,2013,C-15585,750,549,457,385,842,100,76,176,576,478,1054
 Sri Devaraj URS Medical College  Kolar,2014,C-15585,750,553,521,407,928,93,78,171,624,496,1120
 Sri Devaraj URS Medical College  Kolar,2015,C-15585,750,591,380,403,783,89,75,164,484,499,983
 Sri Devaraj URS Medical College  Kolar,2016,C-15585,750,629,415,348,763,102,98,200,534,465,999
 Sri Devaraj URS Medical College  Kolar,2017,C-15585,750,663,367,301,668,83,77,160,470,394,864
 Sri Devaraj URS Medical College  Kolar,2018,C-15585,750,671,370,329,699,66,83,149,453,430,883
 Dr. D Y Patil Medical College  Kolhapur,2012,C-16170,750,535,207,178,385,42,51,93,261,235,496
 Dr. D Y Patil Medical College  Kolhapur,2013,C-16170,750,542,352,174,526,70,39,109,431,216,647
 Dr. D Y Patil Medical College  Kolhapur,2014,C-16170,750,549,327,192,519,87,47,134,421,244,665
 Dr. D Y Patil Medical College  Kolhapur,2015,C-16170,750,573,325,193,518,89,44,133,422,241,663
 Dr. D Y Patil Medical College  Kolhapur,2016,C-16170,750,592,439,271,710,81,48,129,528,323,851
 Dr. D Y Patil Medical College  Kolhapur,2017,C-16170,750,609,637,302,939,75,46,121,717,353,1070
 Dr. D Y Patil Medical College  Kolhapur,2018,C-16170,750,617,486,268,754,65,44,109,557,318,875
 Saveetha Medical College and Hospital  Kanchipuram,2012,C-16281,750,450,376,524,900,0,0,0,376,524,900
 Saveetha Medical College and Hospital  Kanchipuram,2013,C-16281,750,459,385,515,900,0,0,0,385,515,900
 Saveetha Medical College and Hospital  Kanchipuram,2014,C-16281,750,497,376,524,900,25,15,40,401,539,940
 Saveetha Medical College and Hospital  Kanchipuram,2015,C-16281,750,551,376,524,900,25,15,40,401,539,940
 Saveetha Medical College and Hospital  Kanchipuram,2016,C-16281,750,598,376,524,900,25,15,40,401,539,940
 Saveetha Medical College and Hospital  Kanchipuram,2017,C-16281,750,616,374,526,900,16,19,35,390,545,935
 Saveetha Medical College and Hospital  Kanchipuram,2018,C-16281,750,618,372,528,900,6,32,38,378,560,938
 Burdwan Medical College  Burdwan,2012,C-16374,0,282,356,132,488,119,37,156,475,169,644
 Burdwan Medical College  Burdwan,2013,C-16374,0,287,350,138,488,163,49,212,513,187,700
 Burdwan Medical College  Burdwan,2014,C-16374,100,398,361,179,540,182,47,229,543,226,769
 Burdwan Medical College  Burdwan,2015,C-16374,200,508,393,203,596,207,38,245,600,241,841
 Burdwan Medical College  Burdwan,2016,C-16374,300,624,424,225,649,224,37,261,657,262,919
 Burdwan Medical College  Burdwan,2017,C-16374,400,682,476,224,700,233,38,271,715,262,977
 Burdwan Medical College  Burdwan,2018,C-16374,550,790,484,266,750,188,178,366,672,444,1116
 College of Medicine and Sagore Dutta Hospital  Kolkata,2012,C-16379,500,300,54,42,96,0,0,0,54,42,96
 College of Medicine and Sagore Dutta Hospital  Kolkata,2013,C-16379,500,300,116,80,196,0,0,0,116,80,196
 College of Medicine and Sagore Dutta Hospital  Kolkata,2014,C-16379,500,300,232,164,396,0,0,0,232,164,396
 College of Medicine and Sagore Dutta Hospital  Kolkata,2015,C-16379,500,300,232,164,396,0,0,0,232,164,396
 College of Medicine and Sagore Dutta Hospital  Kolkata,2016,C-16379,500,300,319,202,521,0,0,0,319,202,521
 College of Medicine and Sagore Dutta Hospital  Kolkata,2017,C-16379,500,300,294,205,499,0,0,0,294,205,499
 College of Medicine and Sagore Dutta Hospital  Kolkata,2018,C-16379,500,300,271,229,500,0,0,0,271,229,500
 College of Medicine and JNM Hospital Kalyani Nadia,2012,C-16382,300,300,130,67,197,0,0,0,130,67,197
 College of Medicine and JNM Hospital Kalyani Nadia,2013,C-16382,400,300,249,148,397,0,0,0,249,148,397
 College of Medicine and JNM Hospital Kalyani Nadia,2014,C-16382,500,300,249,148,397,0,0,0,249,148,397
 College of Medicine and JNM Hospital Kalyani Nadia,2015,C-16382,500,300,312,185,497,0,0,0,312,185,497
 College of Medicine and JNM Hospital Kalyani Nadia,2016,C-16382,500,300,401,186,587,0,0,0,401,186,587
 College of Medicine and JNM Hospital Kalyani Nadia,2017,C-16382,500,300,300,197,497,0,0,0,300,197,497
 College of Medicine and JNM Hospital Kalyani Nadia,2018,C-16382,500,300,306,200,506,0,0,0,316,207,523
 KPC Medical College Jadavpur Kolkata,2012,C-16383,750,450,428,322,750,0,0,0,428,322,750
 KPC Medical College Jadavpur Kolkata,2013,C-16383,750,456,431,319,750,0,0,0,431,319,750
 KPC Medical College Jadavpur Kolkata,2014,C-16383,750,469,421,329,750,3,4,7,424,333,757
 KPC Medical College Jadavpur Kolkata,2015,C-16383,750,484,413,337,750,13,15,28,426,352,778
 KPC Medical College Jadavpur Kolkata,2016,C-16383,750,493,394,356,750,17,18,35,411,374,785
 KPC Medical College Jadavpur Kolkata,2017,C-16383,750,503,463,287,750,42,18,60,505,305,810
 KPC Medical College Jadavpur Kolkata,2018,C-16383,750,535,517,233,750,35,25,60,552,258,810
 Bankura Sammilani Medical College  Bankura,2014,C-16386,100,243,385,215,600,106,33,139,491,248,739
 Bankura Sammilani Medical College  Bankura,2015,C-16386,200,365,435,215,650,108,37,145,543,252,795
 Bankura Sammilani Medical College  Bankura,2016,C-16386,300,465,435,215,650,108,35,143,543,250,793
 Bankura Sammilani Medical College  Bankura,2017,C-16386,400,503,497,253,750,103,44,147,600,297,897
 Bankura Sammilani Medical College  Bankura,2018,C-16386,550,593,449,301,750,77,70,147,526,371,897
 Dr. B.C. Roy Memorial Hospital for Children  Kolkata,2012,C-16387,0,32,0,0,0,3,1,4,5,3,8
 Dr. B C Roy Post Graduate Institute of Paediatric Sciences Kolkata,2012,C-16387,0,12,0,0,0,3,1,4,5,3,8
 Dr. B.C. Roy Memorial Hospital for Children  Kolkata,2013,C-16387,0,12,0,0,0,8,1,9,15,5,20
 Dr. B C Roy Post Graduate Institute of Paediatric Sciences Kolkata,2013,C-16387,0,12,0,0,0,8,1,9,15,5,20
 Dr. B.C. Roy Memorial Hospital for Children  Kolkata,2014,C-16387,0,12,0,0,0,9,2,11,16,3,19
 Dr. B C Roy Post Graduate Institute of Paediatric Sciences Kolkata,2014,C-16387,0,12,0,0,0,9,2,11,16,3,19
 Dr. B.C. Roy Memorial Hospital for Children  Kolkata,2016,C-16387,0,12,0,0,0,9,3,12,13,7,20
 Dr. B C Roy Post Graduate Institute of Paediatric Sciences Kolkata,2016,C-16387,0,12,0,0,0,9,3,12,13,7,20
 Dr. B.C. Roy Memorial Hospital for Children  Kolkata,2017,C-16387,0,12,0,0,0,29,31,60,52,48,100
 Dr. B C Roy Post Graduate Institute of Paediatric Sciences Kolkata,2017,C-16387,0,12,0,0,0,29,31,60,52,48,100
 Dr. B.C. Roy Memorial Hospital for Children  Kolkata,2018,C-16387,0,12,0,0,0,35,25,60,58,42,100
 Dr. B C Roy Post Graduate Institute of Paediatric Sciences Kolkata,2018,C-16387,0,12,0,0,0,35,25,60,58,42,100
 All India Institute of Hygiene & Public Health  Kolkata,2012,C-16390,0,30,0,0,0,42,61,103,229,155,384
 All India Institute of Hygiene & Public Health  Kolkata,2013,C-16390,0,30,0,0,0,44,55,99,197,156,353
 All India Institute of Hygiene & Public Health  Kolkata,2014,C-16390,0,30,0,0,0,36,53,89,143,137,280
 All India Institute of Hygiene & Public Health  Kolkata,2015,C-16390,0,30,0,0,0,18,48,66,73,118,191
 All India Institute of Hygiene & Public Health  Kolkata,2016,C-16390,0,30,0,0,0,20,48,68,38,117,155
 All India Institute of Hygiene & Public Health  Kolkata,2017,C-16390,0,30,0,0,0,26,49,75,43,125,168
 All India Institute of Hygiene & Public Health  Kolkata,2018,C-16390,0,30,0,0,0,28,53,81,56,116,172
 Calcutta National Medical College  Kolkata,2012,C-16391,0,177,475,275,750,186,0,186,661,275,936
 Calcutta National Medical College  Kolkata,2013,C-16391,150,336,412,338,750,186,0,186,598,338,936
 Calcutta National Medical College  Kolkata,2014,C-16391,300,488,0,0,0,58,0,58,58,0,58
 Calcutta National Medical College  Kolkata,2015,C-16391,450,640,0,0,0,58,0,58,58,0,58
 Calcutta National Medical College  Kolkata,2016,C-16391,600,658,457,289,746,113,59,172,577,349,926
 Calcutta National Medical College  Kolkata,2017,C-16391,800,754,486,264,750,101,79,180,602,348,950
 Calcutta National Medical College  Kolkata,2018,C-16391,850,854,473,277,750,114,66,180,600,350,950
 Chittaranjan Seva Sadan Hospital  Kolkata,2012,C-16401,0,12,0,0,0,3,9,12,7,9,16
 Chittaranjan Seva Sadan Hospital  Kolkata,2013,C-16401,0,18,0,0,0,2,2,4,5,3,8
 Chittaranjan Seva Sadan Hospital  Kolkata,2014,C-16401,0,18,0,0,0,5,7,12,9,11,20
 Chittaranjan Seva Sadan Hospital  Kolkata,2015,C-16401,0,18,0,0,0,6,6,12,9,11,20
 Chittaranjan Seva Sadan Hospital  Kolkata,2016,C-16401,0,18,0,0,0,7,4,11,12,7,19
 Chittaranjan Seva Sadan Hospital  Kolkata,2017,C-16401,0,36,0,0,0,67,53,120,110,90,200
 Chittaranjan Seva Sadan Hospital  Kolkata,2018,C-16401,0,54,0,0,0,67,53,120,111,89,200
 Midnapore Medical College  Midnapore,2012,C-16404,500,345,471,29,500,10,4,14,481,33,514
 Midnapore Medical College  Midnapore,2015,C-16404,500,369,221,336,557,54,0,54,275,336,611
 Midnapore Medical College  Midnapore,2016,C-16404,500,369,367,133,500,10,8,18,377,141,518
 Midnapore Medical College  Midnapore,2017,C-16404,550,419,384,216,600,128,52,180,512,268,780
 Midnapore Medical College  Midnapore,2018,C-16404,550,419,351,249,600,128,52,180,479,301,780
 Malda Medical College & Hospital  Malda,2014,C-16407,400,300,283,108,391,0,0,0,283,108,391
 Malda Medical College & Hospital  Malda,2015,C-16407,500,300,353,133,486,0,0,0,353,133,486
 Malda Medical College & Hospital  Malda,2016,C-16407,500,300,342,131,473,0,0,0,342,131,473
 Malda Medical College & Hospital  Malda,2017,C-16407,500,300,389,111,500,0,0,0,389,111,500
 Malda Medical College & Hospital  Malda,2018,C-16407,500,300,355,136,491,0,0,0,355,136,491
 Command Hospital  Kolkata,2012,C-16409,0,105,0,0,0,66,13,79,66,213,279
 Command Hospital  Kolkata,2013,C-16409,0,105,0,0,0,66,17,83,66,17,83
 Command Hospital  Kolkata,2014,C-16409,0,105,0,116,116,48,16,64,48,132,180
 Command Hospital  Kolkata,2017,C-16409,0,105,600,0,600,0,0,0,600,0,600
 Command Hospital  Kolkata,2018,C-16409,0,107,600,0,600,0,0,0,600,0,600
 RG Kar Medical College  Kolkata,2012,C-16416,0,446,532,215,747,206,80,286,761,296,1057
 RG Kar Medical College  Kolkata,2013,C-16416,150,597,440,170,610,214,102,316,666,272,938
 RG Kar Medical College  Kolkata,2014,C-16416,300,758,529,272,801,199,92,291,737,364,1101
 RG Kar Medical College  Kolkata,2015,C-16416,450,920,597,303,900,192,108,300,799,411,1210
 RG Kar Medical College  Kolkata,2016,C-16416,600,934,606,343,949,219,110,329,837,453,1290
 RG Kar Medical College  Kolkata,2017,C-16416,800,1031,598,346,944,206,105,311,815,451,1266
 RG Kar Medical College  Kolkata,2018,C-16416,850,1127,571,429,1000,54,66,120,630,502,1132
 Medical College  Kolkata,2012,C-16424,1250,1257,754,211,965,314,101,415,1159,350,1509
 Medical College  Kolkata,2013,C-16424,1250,1277,754,211,965,314,101,415,1159,350,1509
 Medical College  Kolkata,2014,C-16424,1250,1293,930,330,1260,407,142,549,1418,510,1928
 Medical College  Kolkata,2015,C-16424,1250,1307,879,275,1154,172,68,240,1142,381,1523
 Medical College  Kolkata,2016,C-16424,1250,1317,940,307,1247,64,53,117,1080,373,1453
 Medical College  Kolkata,2017,C-16424,1250,1364,932,314,1246,89,58,147,1095,397,1492
 Medical College  Kolkata,2018,C-16424,1250,1431,735,515,1250,236,199,435,1067,771,1838
 Employees State Insurance Corporation Medical College  Joka  Kolkata,2012,C-16426,0,45,0,0,0,1,1,2,1,1,2
 Employees State Insurance Corporation Medical College  Joka  Kolkata,2013,C-16426,100,112,0,0,0,3,1,4,3,1,4
 Employees State Insurance Corporation Medical College  Joka  Kolkata,2014,C-16426,200,212,0,0,0,6,0,6,6,0,6
 Employees State Insurance Corporation Medical College  Joka  Kolkata,2015,C-16426,300,312,0,0,0,6,0,6,6,0,6
 Employees State Insurance Corporation Medical College  Joka  Kolkata,2016,C-16426,400,312,232,368,600,4,2,6,236,370,606
 Employees State Insurance Corporation Medical College  Joka  Kolkata,2017,C-16426,500,320,275,325,600,7,23,30,282,348,630
 Employees State Insurance Corporation Medical College  Joka  Kolkata,2018,C-16426,500,328,299,301,600,15,15,30,314,316,630
 Institute of Postgraduate Medical Education & Research  Kolkata,2012,C-16428,500,865,680,0,680,540,0,540,1312,0,1312
 Institute of Postgraduate Medical Education & Research  Kolkata,2013,C-16428,500,883,680,0,680,590,0,590,1361,0,1361
 Institute of Postgraduate Medical Education & Research  Kolkata,2014,C-16428,500,906,722,0,722,597,0,597,1407,0,1407
 Institute of Postgraduate Medical Education & Research  Kolkata,2015,C-16428,500,923,774,0,774,605,0,605,1445,0,1445
 Institute of Postgraduate Medical Education & Research  Kolkata,2016,C-16428,500,938,826,0,826,597,0,597,1458,0,1458
 Institute of Postgraduate Medical Education & Research  Kolkata,2017,C-16428,500,953,644,336,980,402,213,615,1075,560,1635
 Institute of Postgraduate Medical Education & Research  Kolkata,2018,C-16428,550,1022,790,360,1150,516,216,732,1320,648,1968
 Institute of Child Health  Kolkata,2012,C-16446,0,6,0,0,0,6,2,8,26,11,37
 Institute of Child Health  Kolkata,2013,C-16446,0,6,0,0,0,6,3,9,25,13,38
 Institute of Child Health  Kolkata,2015,C-16446,0,10,0,0,0,11,6,17,26,19,45
 Institute of Child Health  Kolkata,2016,C-16446,0,12,0,0,0,12,6,18,27,19,46
 Institute of Child Health  Kolkata,2017,C-16446,0,12,0,0,0,9,4,13,27,16,43
 Institute of Child Health  Kolkata,2018,C-16446,0,14,0,0,0,12,6,18,26,21,47
 Vivekananda Institute of Medical Sciences  Kolkata,2012,C-16450,0,69,36,19,55,29,14,43,75,33,108
 Vivekananda Institute of Medical Sciences  Kolkata,2013,C-16450,0,69,40,21,61,36,22,58,87,44,131
 Vivekananda Institute of Medical Sciences  Kolkata,2014,C-16450,0,72,50,25,75,47,15,62,107,43,150
 Vivekananda Institute of Medical Sciences  Kolkata,2015,C-16450,0,75,49,33,82,45,20,65,105,55,160
 Vivekananda Institute of Medical Sciences  Kolkata,2016,C-16450,0,78,47,41,88,46,19,65,103,61,164
 Vivekananda Institute of Medical Sciences  Kolkata,2017,C-16450,0,78,53,59,112,43,22,65,105,82,187
 Vivekananda Institute of Medical Sciences  Kolkata,2018,C-16450,0,80,129,23,152,38,25,63,174,55,229
 School of Tropical Medicine  Kolkata,2012,C-16455,0,45,0,0,0,27,24,51,63,54,117
 School of Tropical Medicine  Kolkata,2013,C-16455,0,48,0,0,0,32,23,55,75,54,129
 School of Tropical Medicine  Kolkata,2014,C-16455,0,50,0,0,0,47,14,61,96,50,146
 School of Tropical Medicine  Kolkata,2015,C-16455,0,52,0,0,0,40,25,65,117,75,192
 School of Tropical Medicine  Kolkata,2016,C-16455,0,54,0,0,0,32,27,59,150,100,250
 School of Tropical Medicine  Kolkata,2017,C-16455,0,54,0,0,0,51,24,75,174,111,285
 School of Tropical Medicine  Kolkata,2018,C-16455,0,54,0,0,0,40,35,75,168,117,285
 Lokopriya Gopinath Bordoloi Regional Institute of Mental Health  Tezpur,2012,C-17267,200,6,0,0,0,8,17,25,14,31,45
 Lokopriya Gopinath Bordoloi Regional Institute of Mental Health  Tezpur,2013,C-17267,100,6,0,0,0,9,20,29,15,37,52
 Lokopriya Gopinath Bordoloi Regional Institute of Mental Health  Tezpur,2014,C-17267,0,6,0,0,0,10,19,29,16,38,54
 Lokopriya Gopinath Bordoloi Regional Institute of Mental Health  Tezpur,2015,C-17267,0,6,0,0,0,10,19,29,16,41,57
 Lokopriya Gopinath Bordoloi Regional Institute of Mental Health  Tezpur,2016,C-17267,0,6,0,0,0,6,24,30,15,45,60
 Lokopriya Gopinath Bordoloi Regional Institute of Mental Health  Tezpur,2017,C-17267,0,11,0,0,0,6,24,30,15,49,64
 Lokopriya Gopinath Bordoloi Regional Institute of Mental Health  Tezpur,2018,C-17267,0,16,0,0,0,7,27,34,12,57,69
 Dr. B. Borooah Cancer Institute (Regional Cancer Centre)  Guwahati,2013,C-17283,0,131,0,0,0,0,0,0,3,1,4
 Dr. B. Borooah Cancer Institute (Regional Cancer Centre)  Guwahati,2014,C-17283,0,70,0,0,0,2,0,2,24,13,37
 Dr. B. Borooah Cancer Institute (Regional Cancer Centre)  Guwahati,2015,C-17283,0,6,0,0,0,3,0,3,33,15,48
 Dr. B. Borooah Cancer Institute (Regional Cancer Centre)  Guwahati,2016,C-17283,0,9,0,0,0,4,1,5,62,27,89
 Dr. B. Borooah Cancer Institute (Regional Cancer Centre)  Guwahati,2017,C-17283,0,14,0,0,0,3,2,5,72,27,99
 Dr. B. Borooah Cancer Institute (Regional Cancer Centre)  Guwahati,2018,C-17283,0,19,0,0,0,1,4,5,73,28,101
 Gauhati Medical College  Guwahati,2012,C-17298,780,866,440,340,780,255,138,393,741,501,1242
 Gauhati Medical College  Guwahati,2013,C-17298,780,878,455,320,775,228,165,393,735,502,1237
 Gauhati Medical College  Guwahati,2014,C-17298,780,892,480,290,770,216,162,378,735,472,1207
 Gauhati Medical College  Guwahati,2015,C-17298,780,912,480,290,770,216,162,378,735,472,1207
 Gauhati Medical College  Guwahati,2016,C-17298,780,934,500,280,780,231,147,378,770,442,1212
 Gauhati Medical College  Guwahati,2017,C-17298,780,988,500,280,780,201,144,345,734,435,1169
 K S Hegde Medical Academy  Mangalore,2012,C-19319,750,576,289,270,559,66,46,112,355,316,671
 K S Hegde Medical Academy  Mangalore,2013,C-19319,750,584,283,292,575,78,54,132,361,346,707
 K S Hegde Medical Academy  Mangalore,2014,C-19319,750,612,283,298,581,102,76,178,385,374,759
 K S Hegde Medical Academy  Mangalore,2015,C-19319,750,650,283,299,582,131,87,218,414,386,800
 K S Hegde Medical Academy  Mangalore,2016,C-19319,750,688,327,375,702,96,102,198,423,477,900
 K S Hegde Medical Academy  Mangalore,2017,C-19319,750,701,316,400,716,100,113,213,416,513,929
 K S Hegde Medical Academy  Mangalore,2018,C-19319,750,729,306,416,722,106,105,211,412,521,933
 Government Medical College  Srinagar,2012,C-21456,0,153,356,358,714,195,101,296,592,487,1079
 Government Medical College  Srinagar,2013,C-21456,100,270,255,240,495,152,77,229,434,337,771
 Government Medical College  Srinagar,2014,C-21456,200,403,277,268,545,137,80,217,430,374,804
 Government Medical College  Srinagar,2015,C-21456,300,538,301,294,595,138,80,218,457,400,857
 Government Medical College  Srinagar,2016,C-21456,400,575,322,324,646,144,71,215,476,426,902
 Government Medical College  Srinagar,2017,C-21456,550,678,347,350,697,130,79,209,493,454,947
 Government Medical College  Srinagar,2018,C-21456,600,817,367,380,747,167,116,283,559,518,1077
 Government Medical College (Prev.Uttarakhand Forest Hospital Trust Med.Col.)  Haldwani,2012,C-21899,500,370,238,235,473,14,11,25,252,246,498
 Government Medical College (Prev.Uttarakhand Forest Hospital Trust Med.Col.)  Haldwani,2013,C-21899,500,413,245,246,491,29,21,50,274,267,541
 Government Medical College (Prev.Uttarakhand Forest Hospital Trust Med.Col.)  Haldwani,2014,C-21899,500,421,0,0,0,51,43,94,51,43,94
 Government Medical College (Prev.Uttarakhand Forest Hospital Trust Med.Col.)  Haldwani,2015,C-21899,500,429,210,290,500,50,47,97,260,337,597
 Government Medical College (Prev.Uttarakhand Forest Hospital Trust Med.Col.)  Haldwani,2016,C-21899,500,429,210,290,500,50,47,97,260,337,597
 Government Medical College (Prev.Uttarakhand Forest Hospital Trust Med.Col.)  Haldwani,2017,C-21899,500,459,208,292,500,41,50,91,249,342,591
 Government Medical College (Prev.Uttarakhand Forest Hospital Trust Med.Col.)  Haldwani,2018,C-21899,500,497,211,289,500,54,62,116,265,351,616
 Lady Hardinge Medical College  New Delhi,2012,C-22461,1000,898,0,932,932,149,164,313,149,1096,1245
 Lady Hardinge Medical College  New Delhi,2013,C-22461,1000,909,0,866,866,169,195,364,176,1062,1238
 Lady Hardinge Medical College  New Delhi,2014,C-22461,1000,924,0,913,913,159,204,363,169,1118,1287
 Lady Hardinge Medical College  New Delhi,2015,C-22461,1000,937,0,970,970,154,211,365,168,1183,1351
 Lady Hardinge Medical College  New Delhi,2016,C-22461,1000,965,0,1013,1013,184,181,365,202,1196,1398
 Lady Hardinge Medical College  New Delhi,2017,C-22461,1000,993,0,1006,1006,151,215,366,170,1225,1395
 Lady Hardinge Medical College  New Delhi,2018,C-22461,1000,1020,0,997,997,162,204,366,179,1205,1384
 Government Medical College  Jammu,2013,C-22895,100,367,33,35,68,0,0,0,33,35,68
 Government Medical College  Jammu,2014,C-22895,200,484,75,75,150,0,0,0,75,75,150
 Government Medical College  Jammu,2015,C-22895,300,606,276,273,549,106,160,266,382,433,815
 Government Medical College  Jammu,2016,C-22895,400,638,301,298,599,0,0,0,301,298,599
 Government Medical College  Jammu,2017,C-22895,550,719,347,349,696,108,165,273,455,514,969
 Government Medical College  Jammu,2018,C-22895,600,810,0,0,0,130,174,304,130,174,304
 Acharya Shri Chander College of Medical Sciences  Jammu,2012,C-22936,500,300,301,199,500,34,20,54,335,219,554
 Acharya Shri Chander College of Medical Sciences  Jammu,2013,C-22936,500,300,301,199,500,34,20,54,335,219,554
 Acharya Shri Chander College of Medical Sciences  Jammu,2014,C-22936,500,300,280,220,500,34,20,54,314,240,554
 Acharya Shri Chander College of Medical Sciences  Jammu,2015,C-22936,500,318,296,204,500,28,26,54,324,230,554
 Acharya Shri Chander College of Medical Sciences  Jammu,2016,C-22936,500,336,304,196,500,29,25,54,333,221,554
 Acharya Shri Chander College of Medical Sciences  Jammu,2017,C-22936,500,354,302,198,500,23,31,54,325,229,554
 Acharya Shri Chander College of Medical Sciences  Jammu,2018,C-22936,500,354,318,182,500,21,33,54,339,215,554
 Jawaharlal Nehru Medical College  Belgaum,2012,C-24503,1000,890,437,436,873,245,128,373,743,615,1358
 Jawaharlal Nehru Medical College  Belgaum,2013,C-24503,1000,907,455,503,958,263,128,391,791,679,1470
 Jawaharlal Nehru Medical College  Belgaum,2014,C-24503,1000,920,570,602,1172,282,146,428,941,808,1749
 Jawaharlal Nehru Medical College  Belgaum,2015,C-24503,1000,929,498,530,1028,281,154,435,843,738,1581
 Jawaharlal Nehru Medical College  Belgaum,2016,C-24503,1000,930,543,578,1121,255,156,411,873,781,1654
 Jawaharlal Nehru Medical College  Belgaum,2017,C-24503,1000,930,630,726,1356,245,190,435,933,978,1911
 Jawaharlal Nehru Medical College  Belgaum,2018,C-24503,1000,955,673,770,1443,213,215,428,938,1061,1999
 Shri Guru Ram Rai Institute of Medical & Health Sciences  Dehradun,2018,C-24631,550,546,374,276,650,59,40,99,433,316,749
 Silchar Medical College  Silchar,2016,C-26432,500,527,0,0,0,3249,2216,5465,3249,2216,5465
 Silchar Medical College  Silchar,2017,C-26432,500,565,0,0,0,43,12,55,43,12,55
 Muzaffarnagar Medical College  Muzaffarnagar,2017,C-28536,550,493,459,300,759,32,38,70,491,338,829
 Muzaffarnagar Medical College  Muzaffarnagar,2018,C-28536,600,580,434,315,749,38,36,74,472,351,823
 Sri Guru Ram Das Institute of Medical Sciences and Research  Sri Amritsar,2012,C-29146,0,138,1714,3147,4861,64,55,119,1778,3202,4980
 Sri Guru Ram Das Institute of Medical Sciences and Research  Sri Amritsar,2013,C-29146,100,238,2835,3965,6800,53,45,98,2888,4010,6898
 Sri Guru Ram Das Institute of Medical Sciences and Research  Sri Amritsar,2014,C-29146,200,346,2950,3850,6800,60,59,119,3010,3909,6919
 Sri Guru Ram Das Institute of Medical Sciences and Research  Sri Amritsar,2015,C-29146,300,464,3207,4493,7700,68,55,123,3275,4548,7823
 Sri Guru Ram Das Institute of Medical Sciences and Research  Sri Amritsar,2016,C-29146,400,493,3038,4462,7500,72,55,127,3110,4517,7627
 Sri Guru Ram Das Institute of Medical Sciences and Research  Sri Amritsar,2017,C-29146,550,570,2927,4973,7900,76,70,146,3003,5043,8046
 Netaji Subhas National Instt. Of Sports Medicine  Patiala,2012,C-29157,0,0,0,0,0,0,0,0,7,0,7
 Netaji Subhas National Instt. Of Sports Medicine  Patiala,2013,C-29157,0,0,0,0,0,0,0,0,5,1,6
 Netaji Subhas National Instt. Of Sports Medicine  Patiala,2014,C-29157,0,0,0,0,0,0,0,0,3,1,4
 Netaji Subhas National Instt. Of Sports Medicine  Patiala,2015,C-29157,0,0,0,0,0,0,0,0,6,1,7
 Netaji Subhas National Instt. Of Sports Medicine  Patiala,2016,C-29157,0,0,0,0,0,0,0,0,5,1,6
 Netaji Subhas National Instt. Of Sports Medicine  Patiala,2017,C-29157,0,0,0,0,0,0,0,0,0,0,0
 Gian Sagar Medical College & Hospital  Patiala,2012,C-29185,450,205,212,283,495,0,0,0,212,283,495
 Gian Sagar Medical College & Hospital  Patiala,2013,C-29185,300,39,201,295,496,0,0,0,201,295,496
 Gian Sagar Medical College & Hospital  Patiala,2014,C-29185,150,43,169,307,476,0,0,0,169,307,476
 Gian Sagar Medical College & Hospital  Patiala,2015,C-29185,0,47,180,305,485,0,0,0,180,305,485
 Gian Sagar Medical College & Hospital  Patiala,2016,C-29185,0,51,169,307,476,0,0,0,169,307,476
 Government Medical College  Patiala,2014,C-29191,750,795,291,430,721,140,172,312,433,606,1039
 Government Medical College  Patiala,2015,C-29191,750,795,350,441,791,138,173,311,491,622,1113
 Government Medical College  Patiala,2016,C-29191,750,802,386,463,849,138,183,321,528,653,1181
 Government Medical College  Patiala,2017,C-29191,800,868,427,433,860,141,173,314,574,612,1186
 Government Medical College  Patiala,2018,C-29191,850,966,466,460,926,145,171,316,664,640,1304
 Government Medical College  Amritsar,2014,C-29193,750,843,22,31,53,1,0,1,23,31,54
 Government Medical College  Amritsar,2015,C-29193,750,843,0,1,1,1,0,1,1,1,2
 Government Medical College  Amritsar,2016,C-29193,750,843,0,1,1,1,0,1,1,1,2
 Christian Medical College  Ludhiana,2016,C-29209,375,430,169,256,425,88,79,167,279,351,630
 Christian Medical College  Ludhiana,2017,C-29209,375,438,184,266,450,102,80,182,311,368,679
 Christian Medical College  Ludhiana,2018,C-29209,375,439,195,258,453,89,75,164,299,359,658
 Guru Govind Singh Medical College  Faridkot,2013,C-29238,500,412,150,188,338,27,24,51,177,212,389
 Guru Govind Singh Medical College  Faridkot,2015,C-29238,500,446,249,295,544,41,58,99,290,353,643
 Guru Govind Singh Medical College  Faridkot,2016,C-29238,500,449,289,341,630,43,67,110,332,408,740
 Guru Govind Singh Medical College  Faridkot,2017,C-29238,500,503,344,314,658,48,63,111,392,377,769
 Dayanand Medical College & Hospital  Ludhiana,2013,C-29255,70,276,192,228,420,112,76,188,315,320,635
 Dayanand Medical College & Hospital  Ludhiana,2014,C-29255,140,366,182,238,420,127,89,216,320,346,666
 Dayanand Medical College & Hospital  Ludhiana,2015,C-29255,210,454,197,223,420,133,90,223,343,330,673
 Dayanand Medical College & Hospital  Ludhiana,2016,C-29255,280,468,195,225,420,135,93,228,343,335,678
 Dayanand Medical College & Hospital  Ludhiana,2017,C-29255,380,503,207,235,442,136,94,230,355,345,700
 Dayanand Medical College & Hospital  Ludhiana,2018,C-29255,410,541,224,249,473,124,97,221,359,361,720
 Government Medical College  Chandigarh,2013,C-29442,500,424,135,149,284,23,45,68,158,194,352
 Government Medical College  Chandigarh,2014,C-29442,500,449,103,125,228,22,43,65,125,168,293
 Government Medical College  Chandigarh,2015,C-29442,500,470,125,133,258,36,59,95,161,192,353
 Government Medical College  Chandigarh,2016,C-29442,500,506,164,154,318,48,63,111,212,217,429
 Government Medical College  Chandigarh,2017,C-29442,500,570,210,169,379,70,84,154,280,253,533
 Government Medical College  Chandigarh,2018,C-29442,500,649,241,199,440,84,125,209,325,324,649
 Katihar Medical College  Katihar,2012,C-29573,0,51,33,27,60,31,12,43,68,42,110
 Katihar Medical College  Katihar,2013,C-29573,60,112,48,52,100,19,20,39,70,76,146
 Katihar Medical College  Katihar,2014,C-29573,120,174,45,55,100,20,9,29,68,67,135
 Katihar Medical College  Katihar,2015,C-29573,180,256,49,51,100,22,11,33,74,65,139
 Katihar Medical College  Katihar,2016,C-29573,240,280,53,47,100,21,12,33,79,60,139
 Katihar Medical College  Katihar,2017,C-29573,340,349,36,64,100,21,15,36,61,81,142
 Katihar Medical College  Katihar,2018,C-29573,380,404,56,44,100,6,12,18,64,57,121
 Index Medical College Hospital & Research Centre Indore,2012,C-29653,750,492,112,38,150,9,5,14,121,43,164
 Index Medical College Hospital & Research Centre Indore,2013,C-29653,750,501,106,44,150,10,5,15,116,49,165
 Index Medical College Hospital & Research Centre Indore,2014,C-29653,750,558,279,174,453,15,15,30,294,189,483
 Index Medical College Hospital & Research Centre Indore,2015,C-29653,750,615,343,219,562,57,29,86,400,248,648
 Index Medical College Hospital & Research Centre Indore,2016,C-29653,750,672,35,0,35,129,42,171,164,42,206
 Index Medical College Hospital & Research Centre Indore,2017,C-29653,750,672,451,262,713,118,40,158,569,302,871
 Index Medical College Hospital & Research Centre Indore,2018,C-29653,750,672,465,250,715,115,45,160,580,295,875
 M G M Medical College  Indore,2012,C-29699,0,77,91,46,137,49,18,67,160,93,253
 M G M Medical College  Indore,2013,C-29699,140,226,94,46,140,53,14,67,166,90,256
 M G M Medical College  Indore,2014,C-29699,280,375,94,46,140,53,14,67,166,90,256
 M G M Medical College  Indore,2015,C-29699,420,519,65,48,113,48,29,77,135,102,237
 M G M Medical College  Indore,2016,C-29699,560,548,98,52,150,48,32,80,170,109,279
 M G M Medical College  Indore,2017,C-29699,710,608,361,238,599,154,80,234,565,365,930
 M G M Medical College  Indore,2018,C-29699,720,709,361,238,599,153,78,231,564,363,927
 Shadan Institute of Medical Sciences Research Centre and Teaching Hospital  Peerancheru,2012,C-30337,750,520,51,99,150,15,7,22,66,106,172
 Shadan Institute of Medical Sciences Research Centre and Teaching Hospital  Peerancheru,2013,C-30337,750,559,51,99,150,22,15,37,73,114,187
 Shadan Institute of Medical Sciences Research Centre and Teaching Hospital  Peerancheru,2016,C-30337,750,563,36,114,150,23,23,46,59,137,196
 Shadan Institute of Medical Sciences Research Centre and Teaching Hospital  Peerancheru,2017,C-30337,750,561,55,95,150,23,20,43,78,115,193
 Shadan Institute of Medical Sciences Research Centre and Teaching Hospital  Peerancheru,2018,C-30337,750,575,51,99,150,19,21,40,70,120,190
 Kurnool Medical College  Kurnool,2015,C-30373,1000,822,361,466,827,0,0,0,361,466,827
 Kurnool Medical College  Kurnool,2016,C-30373,1000,854,371,502,873,0,0,0,371,502,873
 Kurnool Medical College  Kurnool,2017,C-30373,1000,898,395,494,889,0,0,0,395,494,889
 Kurnool Medical College  Kurnool,2018,C-30373,1000,953,433,507,940,0,0,0,433,507,940
 P E S Institute Of Medical Sciences and Research  Kuppam,2016,C-30394,750,648,336,342,678,87,69,156,423,411,834
 P E S Institute Of Medical Sciences and Research  Kuppam,2017,C-30394,750,663,321,382,703,93,79,172,414,461,875
 P E S Institute Of Medical Sciences and Research  Kuppam,2018,C-30394,750,684,331,384,715,98,75,173,429,459,888
 Government Medical College  Ananthapuram,2015,C-30409,500,304,206,294,500,1,1,2,207,295,502
 Government Medical College  Ananthapuram,2016,C-30409,500,306,203,296,499,1,1,2,204,297,501
 Government Medical College  Ananthapuram,2017,C-30409,500,310,210,289,499,1,2,3,211,291,502
 Government Medical College  Ananthapuram,2018,C-30409,500,314,211,288,499,1,2,3,212,290,502
 Mediciti Institute Of Medical Sciences  Ghanpur,2013,C-30422,100,240,187,463,650,55,71,126,242,534,776
 Mediciti Institute Of Medical Sciences  Ghanpur,2015,C-30422,300,446,179,437,616,44,79,123,223,516,739
 Mediciti Institute Of Medical Sciences  Ghanpur,2016,C-30422,400,448,179,437,616,45,78,123,224,515,739
 Mediciti Institute Of Medical Sciences  Ghanpur,2017,C-30422,550,500,199,451,650,45,91,136,244,542,786
 Mediciti Institute Of Medical Sciences  Ghanpur,2018,C-30422,550,506,199,451,650,43,83,126,242,534,776
 Maharajah Institute of Medical Sciences  Vizianagaram,2015,C-30446,500,423,0,0,0,0,0,0,0,0,0
 Maharajah Institute of Medical Sciences  Vizianagaram,2016,C-30446,500,436,30,70,100,22,18,40,57,91,148
 Maharajah Institute of Medical Sciences  Vizianagaram,2018,C-30446,600,553,307,518,825,102,29,131,421,551,972
 NRI Medical College  Guntur,2018,C-30450,750,699,174,276,450,0,0,0,174,276,450
 Rajiv Gandhi Institute of Medical Sciences  Srikakulam,2015,C-30456,500,309,167,333,500,0,0,0,167,333,500
 Rajiv Gandhi Institute of Medical Sciences  Srikakulam,2016,C-30456,500,309,161,339,500,0,0,0,161,339,500
 Rajiv Gandhi Institute of Medical Sciences  Srikakulam,2017,C-30456,500,309,168,332,500,0,0,0,168,332,500
 Rajiv Gandhi Institute of Medical Sciences  Srikakulam,2018,C-30456,500,309,156,344,500,0,0,0,156,344,500
 Chalmeda Anand Rao Insttitute Of  Medical Sciences  Karimnagar,2017,C-30472,750,700,317,583,900,0,0,0,317,583,900
 Chalmeda Anand Rao Insttitute Of  Medical Sciences  Karimnagar,2018,C-30472,750,720,332,568,900,0,0,0,332,568,900
 Great Eastern Medical School and Hospital Srikakulam,2016,C-30473,500,300,133,167,300,0,0,0,133,167,300
 Great Eastern Medical School and Hospital Srikakulam,2017,C-30473,500,328,169,230,399,0,0,0,169,230,399
 Great Eastern Medical School and Hospital Srikakulam,2018,C-30473,550,406,172,234,406,0,0,0,172,234,406
 Guntur Medical College  Guntur,2016,C-30480,600,675,365,535,900,80,35,115,481,588,1069
 GSL Medical College  Rajahmundry,2013,C-30524,450,308,264,236,500,30,24,54,294,260,554
 GSL Medical College  Rajahmundry,2015,C-30524,450,623,304,346,650,91,82,173,395,428,823
 GSL Medical College  Rajahmundry,2016,C-30524,600,630,202,502,704,93,89,182,295,591,886
 GSL Medical College  Rajahmundry,2017,C-30524,800,688,342,508,850,95,90,185,437,598,1035
 GSL Medical College  Rajahmundry,2018,C-30524,850,779,386,514,900,92,91,183,478,605,1083
 Government Siddhartha Medical College  Vijaywada,2016,C-30544,400,461,212,319,531,68,49,117,280,368,648
 MNR Medical College & Hospital  Sangareddy,2014,C-30619,500,420,220,279,499,52,43,95,274,324,598
 MNR Medical College & Hospital  Sangareddy,2015,C-30619,500,443,242,257,499,64,41,105,310,298,608
 MNR Medical College & Hospital  Sangareddy,2016,C-30619,500,466,228,271,499,88,49,137,320,320,640
 MNR Medical College & Hospital  Sangareddy,2017,C-30619,500,471,229,271,500,93,63,156,325,335,660
 MNR Medical College & Hospital  Sangareddy,2018,C-30619,500,483,4,4,8,31,13,44,41,22,63
 Dr. VRK Womens Medical College  Aziznagar,2012,C-30628,500,300,0,100,100,0,0,0,0,100,100
 Dr. VRK Womens Medical College  Aziznagar,2013,C-30628,500,300,0,100,100,0,0,0,0,100,100
 Dr. VRK Womens Medical College  Aziznagar,2017,C-30628,500,300,0,100,100,0,0,0,0,100,100
 Dr. VRK Womens Medical College  Aziznagar,2018,C-30628,500,300,0,100,100,0,0,0,0,100,100
 S V S Medical College  Mehboobnagar,2015,C-30671,300,447,194,399,593,77,67,144,290,481,771
 S V S Medical College  Mehboobnagar,2016,C-30671,400,454,194,399,593,78,66,144,290,480,770
 S V S Medical College  Mehboobnagar,2018,C-30671,550,523,0,0,0,75,70,145,83,95,178
 Kamineni Institute of Medical Sciences  Narketpally,2016,C-30689,450,654,0,231,231,0,6,6,0,237,237
 Kamineni Institute of Medical Sciences  Narketpally,2017,C-30689,600,674,0,154,154,0,6,6,0,160,160
 Kamineni Institute of Medical Sciences  Narketpally,2018,C-30689,800,738,0,243,243,0,17,17,0,260,260
 Dr. P.S.I. Medical College   Chinoutpalli,2015,C-30694,750,643,245,505,750,77,101,178,337,623,960
 Dr. P.S.I. Medical College   Chinoutpalli,2016,C-30694,750,654,258,492,750,66,109,175,340,615,955
 Dr. P.S.I. Medical College   Chinoutpalli,2017,C-30694,750,667,261,489,750,68,109,177,344,615,959
 Dr. P.S.I. Medical College   Chinoutpalli,2018,C-30694,750,688,276,471,747,62,76,138,349,558,907
 Narayana Medical College  Nellore,2014,C-30698,300,618,315,429,744,190,108,298,549,555,1104
 Narayana Medical College  Nellore,2015,C-30698,450,795,360,482,842,179,107,286,589,605,1194
 Narayana Medical College  Nellore,2016,C-30698,600,826,394,528,922,159,112,271,604,652,1256
 Narayana Medical College  Nellore,2017,C-30698,850,964,448,548,996,159,110,269,655,675,1330
 Narayana Medical College  Nellore,2018,C-30698,950,1107,504,591,1095,134,128,262,681,733,1414
 Maharaja Agrasen Medical College  Agroha,2013,C-30714,500,308,127,122,249,0,0,0,127,122,249
 Maharaja Agrasen Medical College  Agroha,2014,C-30714,500,316,149,96,245,8,2,10,157,98,255
 Maharaja Agrasen Medical College  Agroha,2016,C-30714,450,295,152,95,247,12,2,14,164,97,261
 Maharaja Agrasen Medical College  Agroha,2017,C-30714,450,312,150,96,246,12,6,18,162,102,264
 Maharaja Agrasen Medical College  Agroha,2018,C-30714,450,325,57,43,100,15,10,25,72,53,125
 Pt. B D Sharma Postgraduate Institute of Medical Sciences  Rohtak (Haryana),2016,C-30767,750,980,634,510,1144,243,162,405,940,698,1638
 Pt. B D Sharma Postgraduate Institute of Medical Sciences  Rohtak (Haryana),2017,C-30767,750,1071,709,554,1263,231,162,393,987,746,1733
 Pt. B D Sharma Postgraduate Institute of Medical Sciences  Rohtak (Haryana),2018,C-30767,800,1206,735,540,1275,279,239,518,1041,806,1847
 Goa Medical College  Panaji,2012,C-30851,0,130,153,279,432,85,76,161,253,384,637
 Goa Medical College  Panaji,2013,C-30851,100,243,182,300,482,83,73,156,279,404,683
 Goa Medical College  Panaji,2014,C-30851,200,363,233,365,598,70,82,152,316,478,794
 Goa Medical College  Panaji,2015,C-30851,300,499,245,456,701,73,94,167,332,579,911
 Goa Medical College  Panaji,2016,C-30851,400,536,264,542,806,64,102,166,342,673,1015
 Goa Medical College  Panaji,2017,C-30851,550,620,267,580,847,67,108,175,350,713,1063
 Goa Medical College  Panaji,2018,C-30851,600,696,316,620,936,77,113,190,410,756,1166
 Shyam Shah Medical College  Rewa,2014,C-31875,120,170,234,201,435,76,32,108,310,233,543
 Shyam Shah Medical College  Rewa,2015,C-31875,180,231,263,214,477,74,33,107,337,247,584
 Shyam Shah Medical College  Rewa,2016,C-31875,240,247,250,210,460,73,35,108,323,245,568
 Shyam Shah Medical College  Rewa,2017,C-31875,340,317,250,203,453,70,38,108,340,246,586
 Shyam Shah Medical College  Rewa,2018,C-31875,380,401,233,187,420,69,49,118,317,246,563
 Army College of Medical Sciences  New Delhi,2013,C-32857,500,300,144,112,256,0,0,0,144,112,256
 Army College of Medical Sciences  New Delhi,2015,C-32857,500,300,143,155,298,0,0,0,143,155,298
 Army College of Medical Sciences  New Delhi,2016,C-32857,500,300,145,153,298,0,0,0,145,153,298
 Army College of Medical Sciences  New Delhi,2017,C-32857,500,300,195,203,398,0,0,0,195,203,398
 Army College of Medical Sciences  New Delhi,2018,C-32857,500,300,239,259,498,0,0,0,239,259,498
 PGIMER Dr. RML Hospital  New Delhi,2015,C-32877,0,336,0,0,0,141,100,241,169,104,273
 PGIMER Dr. RML Hospital  New Delhi,2016,C-32877,0,359,0,0,0,142,116,258,173,127,300
 PGIMER Dr. RML Hospital  New Delhi,2017,C-32877,0,427,0,0,0,134,118,252,162,142,304
 Vardhman Mahavir Medical College & Safdarjung Hospital  Delhi,2017,C-32922,750,1215,407,185,592,0,0,0,407,185,592
 Vardhman Mahavir Medical College & Safdarjung Hospital  Delhi,2018,C-32922,750,1343,505,237,742,0,0,0,505,237,742
 Pt. J N M Medical College  Raipur,2014,C-32980,750,606,290,211,501,114,65,179,438,287,725
 Pt. J N M Medical College  Raipur,2015,C-32980,750,637,306,235,541,119,71,190,457,316,773
 Pt. J N M Medical College  Raipur,2016,C-32980,750,672,304,265,569,118,72,190,453,347,800
 Pt. J N M Medical College  Raipur,2017,C-32980,750,716,300,296,596,126,66,192,454,373,827
 Pt. J N M Medical College  Raipur,2018,C-32980,750,760,309,288,597,138,72,210,474,373,847
 Chhattisgarh Institute of Medical Sciences  Bilaspur,2012,C-33014,500,309,253,146,399,1,0,1,254,146,400
 Chhattisgarh Institute of Medical Sciences  Bilaspur,2013,C-33014,500,309,244,156,400,0,2,2,244,158,402
 Chhattisgarh Institute of Medical Sciences  Bilaspur,2014,C-33014,500,309,288,210,498,2,1,3,290,211,501
 Chhattisgarh Institute of Medical Sciences  Bilaspur,2015,C-33014,500,309,272,249,521,1,2,3,273,251,524
 Chhattisgarh Institute of Medical Sciences  Bilaspur,2016,C-33014,500,309,332,344,676,0,3,3,332,347,679
 Chhattisgarh Institute of Medical Sciences  Bilaspur,2017,C-33014,550,359,351,381,732,0,2,2,351,383,734
 Chhattisgarh Institute of Medical Sciences  Bilaspur,2018,C-33014,600,409,380,405,785,0,2,2,380,407,787
 Bharati Vidyapeeth University Medical College  Pune,2012,C-35423,750,678,442,516,958,148,85,233,609,612,1221
 Bharati Vidyapeeth University Medical College  Pune,2013,C-35423,750,682,420,525,945,151,98,249,590,639,1229
 Bharati Vidyapeeth University Medical College  Pune,2014,C-35423,750,688,412,553,965,142,97,239,572,674,1246
 Bharati Vidyapeeth University Medical College  Pune,2015,C-35423,750,701,416,557,973,135,103,238,569,684,1253
 Bharati Vidyapeeth University Medical College  Pune,2017,C-35423,750,733,456,592,1048,134,105,239,610,720,1330
 Bharati Vidyapeeth University Medical College  Pune,2018,C-35423,750,751,444,580,1024,130,100,230,595,701,1296
 Bharati Vidyapeeth Deemed University Medical College & Hospital  Sangli,2012,C-35443,0,28,312,216,528,7,4,11,319,220,539
 Bharati Vidyapeeth Deemed University Medical College & Hospital  Sangli,2013,C-35443,100,153,350,261,611,14,7,21,364,268,632
 Bharati Vidyapeeth Deemed University Medical College & Hospital  Sangli,2014,C-35443,200,268,323,313,636,28,14,42,351,327,678
 Bharati Vidyapeeth Deemed University Medical College & Hospital  Sangli,2015,C-35443,300,386,350,341,691,41,16,57,391,357,748
 Bharati Vidyapeeth Deemed University Medical College & Hospital  Sangli,2017,C-35443,550,477,358,364,722,57,28,85,415,392,807
 Bharati Vidyapeeth Deemed University Medical College & Hospital  Sangli,2018,C-35443,600,552,367,372,739,57,32,89,424,404,828
 Sri Siddhartha Medical College  Tumkur,2012,C-36484,0,80,189,241,430,47,38,85,236,279,515
 Sri Siddhartha Medical College  Tumkur,2013,C-36484,130,214,338,374,712,46,44,90,384,418,802
 Sri Siddhartha Medical College  Tumkur,2014,C-36484,260,347,347,383,730,47,42,89,394,425,819
 Sri Siddhartha Medical College  Tumkur,2015,C-36484,390,480,371,379,750,40,50,90,411,429,840
 Sri Siddhartha Medical College  Tumkur,2016,C-36484,520,483,414,337,751,53,31,84,467,368,835
 Sri Siddhartha Medical College  Tumkur,2017,C-36484,670,503,396,345,741,79,36,115,475,381,856
 Sri Siddhartha Medical College  Tumkur,2018,C-36484,670,515,396,345,741,53,37,90,449,382,831
 Narayan Medical College & Hospital  Sasaram,2012,C-36589,500,300,194,92,286,0,0,0,194,92,286
 Narayan Medical College & Hospital  Sasaram,2013,C-36589,500,300,265,121,386,0,0,0,265,121,386
 Narayan Medical College & Hospital  Sasaram,2014,C-36589,500,306,176,124,300,0,0,0,176,124,300
 Narayan Medical College & Hospital  Sasaram,2015,C-36589,500,312,295,205,500,0,0,0,295,205,500
 Narayan Medical College & Hospital  Sasaram,2016,C-36589,500,318,295,205,500,0,0,0,295,205,500
 Narayan Medical College & Hospital  Sasaram,2017,C-36589,500,366,229,171,400,0,0,0,229,171,400
 Narayan Medical College & Hospital  Sasaram,2018,C-36589,500,438,278,222,500,0,0,0,278,222,500
 Tata Memorial centre  Mumbai,2017,C-39257,0,283,0,0,0,0,0,0,0,0,0
 Tata Memorial centre  Mumbai,2018,C-39257,0,326,0,0,0,86,131,217,174,170,344
 Bhabha Atomic Research Centre Mumbai,2018,C-39260,140,6,0,0,0,183,27,210,255,52,307
 MKCG Medical College  Berhampur,2013,C-39378,150,363,612,283,895,175,72,247,787,355,1142
 MKCG Medical College  Berhampur,2014,C-39378,300,564,592,305,897,172,79,251,764,384,1148
 MKCG Medical College  Berhampur,2015,C-39378,450,777,577,323,900,174,68,242,751,391,1142
 MKCG Medical College  Berhampur,2016,C-39378,600,842,571,329,900,179,73,252,750,402,1152
 MKCG Medical College  Berhampur,2017,C-39378,850,981,645,354,999,188,74,262,833,428,1261
 MKCG Medical College  Berhampur,2018,C-39378,950,1094,709,390,1099,193,87,280,902,477,1379
 Hi-Tech Medical College & Hospital  Bhubaneswar,2014,C-39706,500,477,256,244,500,39,30,69,295,274,569
 Hi-Tech Medical College & Hospital  Bhubaneswar,2015,C-39706,500,477,273,227,500,61,36,97,334,263,597
 Hi-Tech Medical College & Hospital  Bhubaneswar,2016,C-39706,500,477,292,248,540,71,35,106,363,283,646
 Hi-Tech Medical College & Hospital  Bhubaneswar,2017,C-39706,500,477,299,241,540,68,31,99,367,272,639
 Hi-Tech Medical College & Hospital  Bhubaneswar,2018,C-39706,500,477,279,261,540,63,22,85,342,283,625
 Al-Ameen Medical College Bijapur,2012,C-40062,0,39,9,58,67,0,0,0,9,58,67
 Al-Ameen Medical College Bijapur,2013,C-40062,100,143,9,58,67,0,0,0,9,58,67
 Al-Ameen Medical College Bijapur,2015,C-40062,300,358,74,76,150,0,0,0,74,76,150
 Al-Ameen Medical College Bijapur,2016,C-40062,400,371,64,35,99,0,0,0,64,35,99
 Al-Ameen Medical College Bijapur,2017,C-40062,550,434,84,66,150,0,0,0,84,66,150
 Al-Ameen Medical College Bijapur,2018,C-40062,550,434,47,53,100,0,0,0,47,53,100
 Rajarajeswari Medical College & Hospital  Bangalore,2012,C-40063,150,120,174,208,382,0,0,0,174,208,382
 Rajarajeswari Medical College & Hospital  Bangalore,2013,C-40063,0,184,174,179,353,0,0,0,174,179,353
 Rajarajeswari Medical College & Hospital  Bangalore,2016,C-40063,450,718,0,0,0,0,0,0,0,0,0
 Rajarajeswari Medical College & Hospital  Bangalore,2017,C-40063,600,761,0,0,0,0,0,0,0,0,0
 Rajarajeswari Medical College & Hospital  Bangalore,2018,C-40063,850,899,0,0,0,0,0,0,0,0,0
 Government Medical College  Mysore,2012,C-40067,750,681,290,238,528,121,86,207,449,364,813
 Government Medical College  Mysore,2013,C-40067,750,687,358,266,624,144,98,242,543,400,943
 Government Medical College  Mysore,2015,C-40067,750,715,419,281,700,142,104,246,596,428,1024
 Government Medical College  Mysore,2016,C-40067,750,728,463,287,750,146,99,245,640,433,1073
 Government Medical College  Mysore,2017,C-40067,750,745,438,241,679,104,105,209,570,388,958
 Government Medical College  Mysore,2018,C-40067,750,765,462,288,750,66,30,96,556,361,917
 Khaja Banda Nawaz Institute of Medical Sciences  Gulbarga,2012,C-40070,500,300,55,45,100,0,0,0,55,45,100
 Khaja Banda Nawaz Institute of Medical Sciences  Gulbarga,2013,C-40070,500,300,319,222,541,0,0,0,319,222,541
 Khaja Banda Nawaz Institute of Medical Sciences  Gulbarga,2015,C-40070,500,340,316,171,487,0,0,0,316,171,487
 Khaja Banda Nawaz Institute of Medical Sciences  Gulbarga,2016,C-40070,500,372,316,171,487,13,4,17,329,175,504
 Khaja Banda Nawaz Institute of Medical Sciences  Gulbarga,2017,C-40070,500,398,216,275,491,25,11,36,241,286,527
 Khaja Banda Nawaz Institute of Medical Sciences  Gulbarga,2018,C-40070,500,403,206,171,377,35,13,48,241,184,425
 S S Institute of Medical Sciences& Research Centre  Davangere,2012,C-40117,750,532,308,292,600,4,12,16,312,304,616
 S S Institute of Medical Sciences& Research Centre  Davangere,2013,C-40117,750,592,284,290,574,51,43,94,335,333,668
 S S Institute of Medical Sciences& Research Centre  Davangere,2014,C-40117,750,642,320,255,575,54,45,99,374,300,674
 S S Institute of Medical Sciences& Research Centre  Davangere,2015,C-40117,750,660,0,0,0,80,50,130,80,50,130
 S S Institute of Medical Sciences& Research Centre  Davangere,2016,C-40117,750,673,314,302,616,83,52,135,397,354,751
 S S Institute of Medical Sciences& Research Centre  Davangere,2017,C-40117,750,674,331,338,669,82,55,137,413,393,806
 S S Institute of Medical Sciences& Research Centre  Davangere,2018,C-40117,750,676,349,358,707,73,61,134,422,419,841
 Bidar Institute of Medical Sciences Bidar,2012,C-40130,500,316,190,212,402,13,0,13,203,212,415
 Bidar Institute of Medical Sciences Bidar,2013,C-40130,500,324,190,212,402,14,0,14,204,212,416
 MVJ Medical College and Research Hospital  Bangalore,2012,C-40141,500,411,230,320,550,68,33,101,309,362,671
 MVJ Medical College and Research Hospital  Bangalore,2013,C-40141,500,411,232,318,550,64,35,99,308,366,674
 MVJ Medical College and Research Hospital  Bangalore,2014,C-40141,500,414,214,336,550,68,47,115,292,399,691
 MVJ Medical College and Research Hospital  Bangalore,2015,C-40141,500,422,217,333,550,69,55,124,297,403,700
 MVJ Medical College and Research Hospital  Bangalore,2016,C-40141,500,430,244,356,600,72,55,127,331,424,755
 MVJ Medical College and Research Hospital  Bangalore,2017,C-40141,500,435,320,330,650,83,59,142,415,405,820
 MVJ Medical College and Research Hospital  Bangalore,2018,C-40141,550,494,336,364,700,79,67,146,425,448,873
 Adichunchanagiri Institute of Medical Sciences Bellur,2012,C-40144,0,104,310,290,600,61,21,82,407,311,718
 Adichunchanagiri Institute of Medical Sciences Bellur,2013,C-40144,100,243,292,308,600,62,35,97,380,351,731
 Adichunchanagiri Institute of Medical Sciences Bellur,2014,C-40144,200,353,297,353,650,75,54,129,390,422,812
 Adichunchanagiri Institute of Medical Sciences Bellur,2015,C-40144,300,465,307,393,700,79,59,138,401,468,869
 Adichunchanagiri Institute of Medical Sciences Bellur,2016,C-40144,400,474,325,425,750,80,59,139,416,502,918
 Adichunchanagiri Institute of Medical Sciences Bellur,2017,C-40144,550,530,353,447,800,76,63,139,442,526,968
 Adichunchanagiri Institute of Medical Sciences Bellur,2018,C-40144,600,589,369,481,850,76,57,133,453,557,1010
 Kidwai Memorial Institute of Oncology  Bangalore,2012,C-40160,0,54,28,21,49,34,13,47,70,42,112
 Kidwai Memorial Institute of Oncology  Bangalore,2013,C-40160,0,54,40,19,59,41,14,55,92,40,132
 Kidwai Memorial Institute of Oncology  Bangalore,2014,C-40160,0,55,30,25,55,18,12,30,53,48,101
 Kidwai Memorial Institute of Oncology  Bangalore,2015,C-40160,0,56,33,30,63,41,39,80,82,84,166
 Kidwai Memorial Institute of Oncology  Bangalore,2016,C-40160,0,60,26,41,67,43,44,87,83,107,190
 Kidwai Memorial Institute of Oncology  Bangalore,2017,C-40160,0,72,56,98,154,52,43,95,114,159,273
 Kidwai Memorial Institute of Oncology  Bangalore,2018,C-40160,0,84,104,131,235,68,59,127,181,204,385
 Raichur Institute of Medical Sciences Raichur,2012,C-40162,500,310,51,49,100,0,0,0,51,49,100
 Raichur Institute of Medical Sciences Raichur,2013,C-40162,500,320,59,41,100,0,0,0,59,41,100
 Raichur Institute of Medical Sciences Raichur,2015,C-40162,500,330,53,46,99,0,0,0,53,46,99
 Raichur Institute of Medical Sciences Raichur,2016,C-40162,500,330,54,46,100,0,0,0,54,46,100
 Raichur Institute of Medical Sciences Raichur,2017,C-40162,550,380,61,39,100,0,0,0,61,39,100
 Raichur Institute of Medical Sciences Raichur,2018,C-40162,600,434,79,77,156,0,0,0,79,77,156
 Hassan Institute of Medical Sciences  Hassan,2012,C-40164,500,308,357,243,600,0,2,2,357,245,602
 Hassan Institute of Medical Sciences  Hassan,2013,C-40164,500,312,313,284,597,0,2,2,313,286,599
 Hassan Institute of Medical Sciences  Hassan,2015,C-40164,500,342,151,149,300,0,10,10,151,159,310
 Hassan Institute of Medical Sciences  Hassan,2016,C-40164,500,357,144,156,300,2,11,13,146,167,313
 Hassan Institute of Medical Sciences  Hassan,2017,C-40164,550,407,250,250,500,8,23,31,258,273,531
 Mandya Institute of Medical Sciences  Mandya,2012,C-40177,500,326,0,0,0,45,54,99,45,54,99
 Mandya Institute of Medical Sciences  Mandya,2013,C-40177,500,339,237,261,498,4,14,18,241,275,516
 Mandya Institute of Medical Sciences  Mandya,2017,C-40177,550,441,251,247,498,0,0,0,251,247,498
 Mandya Institute of Medical Sciences  Mandya,2018,C-40177,600,525,265,283,548,0,0,0,265,283,548
 Dr BR Ambedkar Medical College  Bangalore,2012,C-40195,500,392,4,8,12,0,0,0,4,8,12
 Dr BR Ambedkar Medical College  Bangalore,2013,C-40195,500,397,9,13,22,0,0,0,9,13,22
 Dr BR Ambedkar Medical College  Bangalore,2014,C-40195,500,399,6,20,26,0,0,0,6,20,26
 Dr BR Ambedkar Medical College  Bangalore,2015,C-40195,500,401,7,21,28,0,0,0,7,21,28
 Dr BR Ambedkar Medical College  Bangalore,2016,C-40195,500,403,8,24,32,0,0,0,8,24,32
 Dr BR Ambedkar Medical College  Bangalore,2017,C-40195,500,405,9,31,40,0,0,0,9,31,40
 Dr BR Ambedkar Medical College  Bangalore,2018,C-40195,500,419,12,41,53,0,0,0,12,41,53
 Father Mullers Institue of Medical Education and Research  Mangalore,2012,C-40208,0,163,214,386,600,71,69,140,298,470,768
 Father Mullers Institue of Medical Education and Research  Mangalore,2013,C-40208,100,269,227,423,650,98,86,184,338,524,862
 Father Mullers Institue of Medical Education and Research  Mangalore,2014,C-40208,200,387,232,467,699,119,80,199,366,560,926
 Father Mullers Institue of Medical Education and Research  Mangalore,2015,C-40208,300,511,244,506,750,117,103,220,373,623,996
 Father Mullers Institue of Medical Education and Research  Mangalore,2016,C-40208,400,533,237,513,750,112,116,228,360,644,1004
 Father Mullers Institue of Medical Education and Research  Mangalore,2017,C-40208,550,593,270,530,800,107,124,231,389,668,1057
 Father Mullers Institue of Medical Education and Research  Mangalore,2018,C-40208,600,660,305,545,850,97,128,225,413,688,1101
 K V G Medical College  Sullia,2012,C-40294,500,412,240,215,455,52,37,89,293,252,545
 K V G Medical College  Sullia,2015,C-40294,500,430,198,264,462,49,55,104,247,319,566
 K V G Medical College  Sullia,2016,C-40294,500,439,209,290,499,49,55,104,258,345,603
 K V G Medical College  Sullia,2017,C-40294,500,444,202,298,500,51,46,97,253,344,597
 K V G Medical College  Sullia,2018,C-40294,500,449,212,277,489,46,47,93,258,324,582
 Shimoga Institute of Medical Sciences Shimoga,2012,C-40333,500,322,250,249,499,2,1,3,252,250,502
 Shimoga Institute of Medical Sciences Shimoga,2013,C-40333,500,334,260,239,499,8,3,11,268,242,510
 Shimoga Institute of Medical Sciences Shimoga,2015,C-40333,500,336,324,273,597,11,12,23,335,285,620
 S. Nijalingappa Medical College & HSK Hospital & Research Centre  Bagalkot,2012,C-40338,500,385,1059,869,1928,16,31,47,1078,901,1979
 S. Nijalingappa Medical College & HSK Hospital & Research Centre  Bagalkot,2013,C-40338,500,411,1265,987,2252,41,36,77,1312,1025,2337
 S. Nijalingappa Medical College & HSK Hospital & Research Centre  Bagalkot,2014,C-40338,500,420,1237,983,2220,53,43,96,1296,1028,2324
 S. Nijalingappa Medical College & HSK Hospital & Research Centre  Bagalkot,2015,C-40338,500,437,1352,1042,2394,56,39,95,1414,1082,2496
 S. Nijalingappa Medical College & HSK Hospital & Research Centre  Bagalkot,2016,C-40338,500,459,2309,1894,4203,59,49,108,2371,1946,4317
 S. Nijalingappa Medical College & HSK Hospital & Research Centre  Bagalkot,2017,C-40338,500,481,2109,1935,4044,58,51,109,2170,1991,4161
 S. Nijalingappa Medical College & HSK Hospital & Research Centre  Bagalkot,2018,C-40338,550,575,2087,1681,3768,59,53,112,2150,1737,3887
 M S Ramaiah Medical College  Bangalore,2012,C-40345,750,649,353,657,1010,120,156,276,497,842,1339
 M S Ramaiah Medical College  Bangalore,2013,C-40345,750,675,346,662,1008,117,156,273,489,843,1332
 M S Ramaiah Medical College  Bangalore,2014,C-40345,750,701,320,420,740,106,143,249,458,582,1040
 M S Ramaiah Medical College  Bangalore,2015,C-40345,750,728,292,453,745,101,154,255,420,635,1055
 M S Ramaiah Medical College  Bangalore,2016,C-40345,750,760,371,505,876,101,126,227,498,656,1154
 M S Ramaiah Medical College  Bangalore,2017,C-40345,750,775,297,477,774,108,111,219,436,618,1054
 M S Ramaiah Medical College  Bangalore,2018,C-40345,750,797,305,505,810,95,144,239,440,679,1119
 SDM College of Medical Sciences & Hospital  Sattur  Dharwad,2012,C-40399,500,397,271,219,490,20,28,48,294,254,548
 SDM College of Medical Sciences & Hospital  Sattur  Dharwad,2013,C-40399,500,434,223,244,467,39,46,85,269,302,571
 SDM College of Medical Sciences & Hospital  Sattur  Dharwad,2014,C-40399,500,443,214,259,473,51,45,96,275,312,587
 SDM College of Medical Sciences & Hospital  Sattur  Dharwad,2015,C-40399,500,457,279,331,610,62,57,119,351,394,745
 SDM College of Medical Sciences & Hospital  Sattur  Dharwad,2016,C-40399,500,472,296,331,627,68,58,126,373,397,770
 SDM College of Medical Sciences & Hospital  Sattur  Dharwad,2017,C-40399,500,492,214,285,499,61,70,131,284,363,647
 SDM College of Medical Sciences & Hospital  Sattur  Dharwad,2018,C-40399,500,520,223,277,500,50,77,127,279,364,643
 Bangalore Medical College and Research Institute  Bangalore,2012,C-40417,1250,1188,487,263,750,139,113,252,678,426,1104
 Bangalore Medical College and Research Institute  Bangalore,2013,C-40417,1250,1193,624,326,950,243,164,407,943,554,1497
 Bangalore Medical College and Research Institute  Bangalore,2015,C-40417,1250,1241,652,748,1400,186,216,402,895,1025,1920
 Bangalore Medical College and Research Institute  Bangalore,2016,C-40417,1250,1270,980,520,1500,217,229,446,1239,812,2051
 Bangalore Medical College and Research Institute  Bangalore,2017,C-40417,1250,1346,970,530,1500,216,229,445,1221,834,2055
 Bangalore Medical College and Research Institute  Bangalore,2018,C-40417,1250,1461,971,529,1500,232,274,506,1251,854,2105
 Vydehi Institute Of Medical Sciences & Research Centre  Bangalore,2012,C-40421,0,201,348,451,799,154,114,268,515,576,1091
 Vydehi Institute Of Medical Sciences & Research Centre  Bangalore,2013,C-40421,150,369,348,451,799,164,117,281,529,579,1108
 Vydehi Institute Of Medical Sciences & Research Centre  Bangalore,2015,C-40421,450,738,1090,160,1250,179,151,330,1290,318,1608
 Vydehi Institute Of Medical Sciences & Research Centre  Bangalore,2016,C-40421,600,764,564,686,1250,163,167,330,740,870,1610
 Vydehi Institute Of Medical Sciences & Research Centre  Bangalore,2017,C-40421,850,874,483,667,1150,145,154,299,641,837,1478
 Vydehi Institute Of Medical Sciences & Research Centre  Bangalore,2018,C-40421,950,1017,517,733,1250,128,161,289,655,913,1568
 Karnataka Institute of Medical Sciences  Hubli,2012,C-40444,0,213,90,330,420,17,94,111,125,448,573
 Karnataka Institute of Medical Sciences  Hubli,2013,C-40444,150,378,486,314,800,127,48,175,651,381,1032
 Karnataka Institute of Medical Sciences  Hubli,2015,C-40444,450,714,558,342,900,182,83,265,740,425,1165
 Karnataka Institute of Medical Sciences  Hubli,2016,C-40444,600,724,558,342,900,216,81,297,827,450,1277
 Karnataka Institute of Medical Sciences  Hubli,2017,C-40444,800,794,540,360,900,210,69,279,821,458,1279
 Karnataka Institute of Medical Sciences  Hubli,2018,C-40444,850,867,573,379,952,115,63,178,734,463,1197
 Mahadevappa Rampure Medical College  Gulbarga,2012,C-40448,750,654,316,284,600,104,76,180,452,370,822
 Mahadevappa Rampure Medical College  Gulbarga,2013,C-40448,750,654,396,204,600,105,99,204,519,327,846
 Mahadevappa Rampure Medical College  Gulbarga,2015,C-40448,750,658,404,196,600,114,66,180,534,286,820
 Mahadevappa Rampure Medical College  Gulbarga,2016,C-40448,750,663,380,370,750,96,72,168,502,456,958
 St. Johns Medical College  Bangalore,2012,C-40453,0,161,182,203,385,44,85,129,232,311,543
 St. Johns Medical College  Bangalore,2013,C-40453,60,246,181,205,386,61,101,162,247,333,580
 St. Johns Medical College  Bangalore,2015,C-40453,180,408,48,167,215,86,132,218,141,321,462
 St. Johns Medical College  Bangalore,2016,C-40453,240,434,48,167,215,89,130,219,146,319,465
 St. Johns Medical College  Bangalore,2017,C-40453,390,548,210,238,448,87,118,205,304,379,683
 St. Johns Medical College  Bangalore,2018,C-40453,480,660,242,326,568,77,132,209,327,479,806
 JJM Medical College  Davangere,2012,C-40474,1225,1177,124,121,245,72,49,121,196,170,366
 JJM Medical College  Davangere,2013,C-40474,1225,1182,130,115,245,72,44,116,202,159,361
 JJM Medical College  Davangere,2015,C-40474,1225,1211,130,115,245,138,61,199,268,176,444
 JJM Medical College  Davangere,2016,C-40474,1225,1226,116,139,255,69,50,119,185,189,374
 Basaveswara Medical College and Hospital  Chitradurga,2012,C-40477,500,319,270,229,499,4,2,6,274,231,505
 Basaveswara Medical College and Hospital  Chitradurga,2013,C-40477,500,332,261,239,500,11,4,15,272,243,515
 Basaveswara Medical College and Hospital  Chitradurga,2014,C-40477,500,339,256,244,500,11,7,18,267,251,518
 Basaveswara Medical College and Hospital  Chitradurga,2015,C-40477,500,339,206,194,400,14,6,20,220,200,420
 Basaveswara Medical College and Hospital  Chitradurga,2016,C-40477,500,339,273,224,497,8,4,12,281,228,509
 Basaveswara Medical College and Hospital  Chitradurga,2017,C-40477,500,341,294,235,529,5,3,8,299,238,537
 Basaveswara Medical College and Hospital  Chitradurga,2018,C-40477,500,343,332,277,609,5,6,11,337,283,620
 Kempegowda Institute of Medical Sciences  Bangalore,2012,C-40499,0,163,65,280,345,108,126,234,183,421,604
 Kempegowda Institute of Medical Sciences  Bangalore,2013,C-40499,120,288,410,490,900,114,120,234,530,628,1158
 Kempegowda Institute of Medical Sciences  Bangalore,2015,C-40499,360,586,403,547,950,121,109,230,532,674,1206
 Kempegowda Institute of Medical Sciences  Bangalore,2016,C-40499,480,616,266,355,621,104,113,217,383,480,863
 Kempegowda Institute of Medical Sciences  Bangalore,2017,C-40499,630,660,520,678,1198,87,108,195,615,799,1414
 Kempegowda Institute of Medical Sciences  Bangalore,2018,C-40499,630,680,423,386,809,93,117,210,527,517,1044
 Sri Jayadeva Institute of Cardiology  Bangalore,2012,C-40527,0,90,0,0,0,0,0,0,0,0,0
 Sri Jayadeva Institute of Cardiology  Bangalore,2013,C-40527,0,101,70,47,117,109,14,123,187,61,248
 Sri Jayadeva Institute of Cardiology  Bangalore,2015,C-40527,0,123,126,0,126,115,0,115,257,0,257
 Sri Jayadeva Institute of Cardiology  Bangalore,2016,C-40527,0,123,36,50,86,95,16,111,138,68,206
 Sri Jayadeva Institute of Cardiology  Bangalore,2017,C-40527,0,123,45,71,116,98,11,109,145,83,228
 Sri Jayadeva Institute of Cardiology  Bangalore,2018,C-40527,0,123,53,80,133,91,13,104,146,95,241
 Navodaya Medical College  Raichur,2012,C-40585,500,483,48,52,100,31,17,48,86,75,161
 Navodaya Medical College  Raichur,2013,C-40585,500,483,18,66,84,36,19,55,59,93,152
 Navodaya Medical College  Raichur,2014,C-40585,500,483,18,66,84,36,19,55,59,93,152
 Navodaya Medical College  Raichur,2015,C-40585,500,491,18,66,84,18,66,84,41,140,181
 Navodaya Medical College  Raichur,2016,C-40585,500,499,14,43,57,16,11,27,34,58,92
 Navodaya Medical College  Raichur,2017,C-40585,550,557,58,92,150,10,15,25,70,111,181
 Navodaya Medical College  Raichur,2018,C-40585,600,610,72,78,150,27,18,45,104,104,208
 Vijaynagar Institute of Medical Sciences  Bellary,2012,C-40587,0,183,312,188,500,76,52,128,388,240,628
 Vijaynagar Institute of Medical Sciences  Bellary,2013,C-40587,100,284,312,188,500,91,60,151,403,248,651
 Vijaynagar Institute of Medical Sciences  Bellary,2014,C-40587,200,388,455,295,750,86,57,143,563,370,933
 Vijaynagar Institute of Medical Sciences  Bellary,2015,C-40587,300,492,455,295,750,85,56,141,562,369,931
 Vijaynagar Institute of Medical Sciences  Bellary,2016,C-40587,400,495,522,378,900,108,60,168,646,466,1112
 Vijaynagar Institute of Medical Sciences  Bellary,2017,C-40587,550,577,600,300,900,111,54,165,725,384,1109
 Belagavi Institute of Medical Sciences  Belagavi,2012,C-40592,500,331,193,156,349,1,8,9,292,239,531
 Belagavi Institute of Medical Sciences  Belagavi,2013,C-40592,500,351,252,222,474,18,19,37,342,343,685
 Belagavi Institute of Medical Sciences  Belagavi,2015,C-40592,500,360,259,224,483,12,21,33,295,308,603
 Belagavi Institute of Medical Sciences  Belagavi,2016,C-40592,500,360,272,263,535,14,26,40,331,432,763
 Belagavi Institute of Medical Sciences  Belagavi,2017,C-40592,550,415,291,128,419,8,20,28,299,148,447
 Belagavi Institute of Medical Sciences  Belagavi,2018,C-40592,600,470,265,128,393,9,20,29,274,148,422
 Gujarat Adani Institute of Medical Sciences  Bhuj,2012,C-4108,750,450,207,181,388,0,0,0,207,181,388
 Gujarat Adani Institute of Medical Sciences  Bhuj,2013,C-4108,750,450,263,252,515,0,0,0,263,252,515
 Gujarat Adani Institute of Medical Sciences  Bhuj,2014,C-4108,750,462,377,373,750,0,0,0,377,373,750
 Gujarat Adani Institute of Medical Sciences  Bhuj,2015,C-4108,750,479,358,392,750,0,0,0,358,392,750
 Gujarat Adani Institute of Medical Sciences  Bhuj,2016,C-4108,750,505,360,390,750,0,0,0,360,390,750
 Gujarat Adani Institute of Medical Sciences  Bhuj,2017,C-4108,750,548,374,376,750,3,5,8,377,381,758
 Gujarat Adani Institute of Medical Sciences  Bhuj,2018,C-4108,750,591,387,363,750,8,12,20,404,395,799
 Sancheti Institute for Orthpaedics & Rehabilitation  Pune,2012,C-41610,0,10,0,0,0,0,0,0,8,37,45
 Sancheti Institute for Orthpaedics & Rehabilitation  Pune,2013,C-41610,0,15,0,0,0,0,0,0,9,39,48
 Sancheti Institute for Orthpaedics & Rehabilitation  Pune,2014,C-41610,0,18,0,0,0,0,0,0,12,32,44
 Sancheti Institute for Orthpaedics & Rehabilitation  Pune,2015,C-41610,0,21,0,0,0,0,0,0,12,39,51
 Sancheti Institute for Orthpaedics & Rehabilitation  Pune,2016,C-41610,0,24,0,0,0,0,0,0,5,31,36
 Sancheti Institute for Orthpaedics & Rehabilitation  Pune,2017,C-41610,0,24,0,0,0,0,0,0,9,47,56
 Sancheti Institute for Orthpaedics & Rehabilitation  Pune,2018,C-41610,0,24,0,0,0,0,0,0,9,47,56
 Hind Institute of Medical Sciences   Barabanki,2015,C-42360,500,360,364,247,611,28,12,40,521,488,1009
 Hind Institute of Medical Sciences   Barabanki,2016,C-42360,500,372,299,212,511,28,12,40,456,453,909
 Hind Institute of Medical Sciences   Barabanki,2017,C-42360,500,372,292,374,666,0,0,0,292,374,666
 Hind Institute of Medical Sciences   Barabanki,2018,C-42360,500,372,296,366,662,11,17,28,690,823,1513
 Jawaharlal Nehru Medical College  Bhagalpur,2013,C-42780,250,171,170,74,244,5,0,5,175,74,249
 Jawaharlal Nehru Medical College  Bhagalpur,2014,C-42780,250,183,198,95,293,14,2,16,212,97,309
 Jawaharlal Nehru Medical College  Bhagalpur,2015,C-42780,250,192,190,111,301,14,6,20,204,117,321
 Jawaharlal Nehru Medical College  Bhagalpur,2016,C-42780,250,192,138,138,276,22,7,29,160,145,305
 Jawaharlal Nehru Medical College  Bhagalpur,2017,C-42780,300,258,189,157,346,12,7,19,201,164,365
 Jawaharlal Nehru Medical College  Bhagalpur,2018,C-42780,350,324,95,121,216,24,9,33,119,130,249
 Patna Medical College  Patna,2012,C-43236,500,663,500,0,500,374,0,374,1084,0,1084
 Patna Medical College  Patna,2013,C-43236,500,664,560,28,588,403,0,403,1142,28,1170
 Patna Medical College  Patna,2014,C-43236,500,664,452,241,693,256,116,372,858,394,1252
 Patna Medical College  Patna,2015,C-43236,500,664,446,251,697,234,97,331,820,393,1213
 Patna Medical College  Patna,2016,C-43236,500,663,455,293,748,257,93,350,890,427,1317
 Patna Medical College  Patna,2017,C-43236,550,720,484,314,798,232,92,324,878,454,1332
 Patna Medical College  Patna,2018,C-43236,600,797,519,330,849,243,101,344,905,481,1386
 Dr. D Y Patil Medical College  Hospital and Research Centre  Pimpri  Pune,2012,C-43244,150,483,356,409,765,190,109,299,580,541,1121
 Dr. D Y Patil Medical College  Hospital and Research Centre  Pimpri  Pune,2013,C-43244,300,633,366,484,850,196,126,322,597,643,1240
 Dr. D Y Patil Medical College  Hospital and Research Centre  Pimpri  Pune,2014,C-43244,450,815,441,522,963,208,137,345,672,680,1352
 Dr. D Y Patil Medical College  Hospital and Research Centre  Pimpri  Pune,2015,C-43244,600,875,362,443,805,210,129,339,620,608,1228
 Dr. D Y Patil Medical College  Hospital and Research Centre  Pimpri  Pune,2016,C-43244,850,1035,560,737,1297,210,143,353,819,912,1731
 Dr. D Y Patil Medical College  Hospital and Research Centre  Pimpri  Pune,2017,C-43244,950,1164,570,829,1399,214,161,375,826,1031,1857
 Dr. D Y Patil Medical College  Hospital and Research Centre  Pimpri  Pune,2018,C-43244,1050,1298,617,889,1506,191,182,373,852,1110,1962
 Shri Krishna Medical College  Muzzafarpur,2013,C-43249,250,165,108,65,173,0,0,0,108,65,173
 Shri Krishna Medical College  Muzzafarpur,2014,C-43249,250,174,0,0,0,0,0,0,0,0,0
 Shri Krishna Medical College  Muzzafarpur,2015,C-43249,250,183,158,155,313,9,0,9,167,155,322
 Shri Krishna Medical College  Muzzafarpur,2016,C-43249,250,183,400,0,400,21,0,21,421,0,421
 Shri Krishna Medical College  Muzzafarpur,2017,C-43249,300,233,98,128,226,20,0,20,118,128,246
 Shri Krishna Medical College  Muzzafarpur,2018,C-43249,350,283,67,292,359,3,9,12,70,301,371
 Central Institute of Psychiatry  Ranchi,2014,C-43263,0,9,0,0,0,18,4,22,60,49,109
 Central Institute of Psychiatry  Ranchi,2016,C-43263,0,9,0,0,0,19,7,26,54,49,103
 Central Institute of Psychiatry  Ranchi,2017,C-43263,0,9,0,0,0,16,7,23,59,45,104
 Central Institute of Psychiatry  Ranchi,2018,C-43263,0,15,0,0,0,14,5,19,47,42,89
 Rajendra Institute of Medical Sciences  Ranchi,2016,C-43265,510,697,61,77,138,185,90,275,281,183,464
 Rajendra Institute of Medical Sciences  Ranchi,2017,C-43265,570,807,87,58,145,185,90,275,307,164,471
 Rajendra Institute of Medical Sciences  Ranchi,2018,C-43265,630,883,319,371,690,209,96,305,596,496,1092
 Ranchi Instt. Of Neuro-Psychiatry and Allied Sciences Kanke Ranchi,2014,C-43266,0,3,0,0,0,0,3,3,27,31,58
 Ranchi Instt. Of Neuro-Psychiatry and Allied Sciences Kanke Ranchi,2015,C-43266,0,3,0,0,0,2,0,2,20,25,45
 Ranchi Instt. Of Neuro-Psychiatry and Allied Sciences Kanke Ranchi,2016,C-43266,0,3,0,0,0,1,1,2,9,26,35
 Ranchi Instt. Of Neuro-Psychiatry and Allied Sciences Kanke Ranchi,2017,C-43266,0,3,0,0,0,0,2,2,15,29,44
 Ranchi Instt. Of Neuro-Psychiatry and Allied Sciences Kanke Ranchi,2018,C-43266,0,3,0,0,0,1,2,3,16,28,44
 Karuna Medical College  Palakkad,2012,C-43276,500,325,149,294,443,0,0,0,149,294,443
 Karuna Medical College  Palakkad,2013,C-43276,500,330,149,294,443,0,0,0,149,294,443
 Karuna Medical College  Palakkad,2014,C-43276,500,330,171,329,500,0,0,0,171,329,500
 Karuna Medical College  Palakkad,2015,C-43276,500,330,165,335,500,0,0,0,165,335,500
 Karuna Medical College  Palakkad,2016,C-43276,500,330,242,330,572,0,0,0,242,330,572
 Karuna Medical College  Palakkad,2017,C-43276,500,330,167,333,500,0,0,0,167,333,500
 Karuna Medical College  Palakkad,2018,C-43276,500,332,175,325,500,0,0,0,175,325,500
 Amala Institute of Medical Sciences  Thrissur,2016,C-43290,500,420,154,346,500,47,48,95,204,397,601
 Amala Institute of Medical Sciences  Thrissur,2017,C-43290,500,426,165,335,500,43,55,98,210,394,604
 Amala Institute of Medical Sciences  Thrissur,2018,C-43290,500,431,160,340,500,39,62,101,200,407,607
 Government Medical College  Thrissur,2012,C-43299,750,650,0,0,0,54,146,200,54,146,200
 Jubilee Mission Medical College & Research Institute  Thrissur,2016,C-43331,500,411,186,314,500,43,49,92,229,363,592
 Jubilee Mission Medical College & Research Institute  Thrissur,2017,C-43331,500,411,175,325,500,40,52,92,215,377,592
 Jubilee Mission Medical College & Research Institute  Thrissur,2018,C-43331,500,415,173,327,500,40,49,89,213,376,589
 M G M Medical College  Jamshedpur,2014,C-43561,100,109,225,275,500,0,0,0,225,275,500
 M G M Medical College  Jamshedpur,2015,C-43561,150,157,170,180,350,0,0,0,170,180,350
 M G M Medical College  Jamshedpur,2016,C-43561,200,164,171,189,360,0,0,0,171,189,360
 M G M Medical College  Jamshedpur,2017,C-43561,300,221,176,226,402,0,0,0,176,226,402
 M G M Medical College  Jamshedpur,2018,C-43561,350,271,195,255,450,0,0,0,195,255,450
 Nalanda Medical College  Patna,2013,C-43569,250,291,449,0,449,104,0,104,553,0,553
 Nalanda Medical College  Patna,2014,C-43569,250,291,498,0,498,112,0,112,610,0,610
 Nalanda Medical College  Patna,2015,C-43569,250,291,267,197,464,45,23,68,312,220,532
 Nalanda Medical College  Patna,2016,C-43569,250,291,267,201,468,45,23,68,312,224,536
 Nalanda Medical College  Patna,2017,C-43569,250,331,497,0,497,0,0,0,561,37,598
 Nalanda Medical College  Patna,2018,C-43569,300,430,264,199,463,0,0,0,326,235,561
 Kannur Medical College  Kannur,2012,C-43774,500,330,153,347,500,3,7,10,156,354,510
 Kannur Medical College  Kannur,2013,C-43774,500,351,0,0,0,3,7,10,3,7,10
 Academy of Medical Sceiences Pariyaram  Kannur,2018,C-43815,500,399,140,360,500,32,48,80,175,417,592
 Patliputra Medical College  Dhanbad,2013,C-44374,450,250,125,125,250,0,0,0,125,125,250
 Patliputra Medical College  Dhanbad,2016,C-44374,300,150,159,193,352,0,0,0,159,193,352
 Patliputra Medical College  Dhanbad,2017,C-44374,300,200,173,217,390,0,0,0,173,217,390
 Patliputra Medical College  Dhanbad,2018,C-44374,300,200,22,28,50,0,0,0,22,28,50
 Command Hospital Air Force  Bangalore,2012,C-44855,0,60,0,0,0,46,14,60,49,19,68
 Command Hospital Air Force  Bangalore,2013,C-44855,0,60,0,0,0,46,21,67,48,27,75
 Command Hospital Air Force  Bangalore,2015,C-44855,0,64,0,0,0,46,16,62,46,16,62
 Command Hospital Air Force  Bangalore,2016,C-44855,0,66,0,0,0,46,15,61,46,15,61
 Command Hospital Air Force  Bangalore,2017,C-44855,0,66,0,0,0,46,16,62,46,16,62
 Command Hospital Air Force  Bangalore,2018,C-44855,0,79,0,0,0,47,14,61,47,14,61
 Indira Gandhi Institute of Child Health  Bangalore,2012,C-44874,0,20,20,8,28,15,6,21,49,23,72
 Indira Gandhi Institute of Child Health  Bangalore,2013,C-44874,0,21,0,0,0,9,9,18,20,15,35
 Indira Gandhi Institute of Child Health  Bangalore,2014,C-44874,0,22,0,0,0,9,9,18,17,25,42
 Indira Gandhi Institute of Child Health  Bangalore,2015,C-44874,0,23,0,0,0,15,30,45,30,38,68
 Indira Gandhi Institute of Child Health  Bangalore,2016,C-44874,0,29,0,0,0,15,30,45,29,40,69
 Indira Gandhi Institute of Child Health  Bangalore,2017,C-44874,0,48,0,0,0,15,12,27,24,29,53
 Indira Gandhi Institute of Child Health  Bangalore,2018,C-44874,0,67,0,0,0,26,11,37,38,28,66
 Mahatma Gandhi Missions Medical College  Navi Mumbai,2012,C-44884,750,554,235,315,550,64,53,117,315,374,689
 Mahatma Gandhi Missions Medical College  Navi Mumbai,2013,C-44884,750,566,275,325,600,79,66,145,363,402,765
 Mahatma Gandhi Missions Medical College  Navi Mumbai,2014,C-44884,750,587,267,383,650,84,83,167,360,477,837
 Mahatma Gandhi Missions Medical College  Navi Mumbai,2015,C-44884,750,622,288,412,700,94,103,197,391,526,917
 Mahatma Gandhi Missions Medical College  Navi Mumbai,2016,C-44884,750,654,294,406,700,105,93,198,411,507,918
 Mahatma Gandhi Missions Medical College  Navi Mumbai,2017,C-44884,750,669,281,419,700,130,131,261,444,571,1015
 Mahatma Gandhi Missions Medical College  Navi Mumbai,2018,C-44884,750,695,275,425,700,121,128,249,408,564,972
 Mahatma Gandhi Missions Medical College  Aurangabad,2012,C-44885,750,599,227,227,454,59,5,64,293,232,525
 Mahatma Gandhi Missions Medical College  Aurangabad,2013,C-44885,750,623,258,227,485,79,52,131,348,281,629
 Mahatma Gandhi Missions Medical College  Aurangabad,2014,C-44885,750,641,331,314,645,102,62,164,446,377,823
 Mahatma Gandhi Missions Medical College  Aurangabad,2015,C-44885,750,654,483,401,884,112,66,178,609,468,1077
 Mahatma Gandhi Missions Medical College  Aurangabad,2016,C-44885,750,659,502,431,933,109,66,175,625,501,1126
 Mahatma Gandhi Missions Medical College  Aurangabad,2017,C-44885,750,660,362,338,700,115,62,177,501,409,910
 Mahatma Gandhi Missions Medical College  Aurangabad,2018,C-44885,750,670,362,388,750,103,59,162,485,455,940
 Institute of Nephro-Urology  Bangalore,2015,C-44934,0,24,0,0,0,22,2,24,22,2,24
 Institute of Nephro-Urology  Bangalore,2016,C-44934,0,24,0,0,0,23,1,24,23,1,24
 Institute of Nephro-Urology  Bangalore,2017,C-44934,0,24,0,0,0,22,2,24,22,2,24
 Institute of Nephro-Urology  Bangalore,2018,C-44934,0,24,0,0,0,21,3,24,21,3,24
 Stanley Medical College  Chennai,2012,C-45403,0,351,424,528,952,0,0,0,424,528,952
 Stanley Medical College  Chennai,2013,C-45403,150,503,564,436,1000,0,0,0,564,436,1000
 Stanley Medical College  Chennai,2014,C-45403,300,659,390,310,700,834,188,1022,1402,574,1976
 Stanley Medical College  Chennai,2015,C-45403,450,827,673,513,1186,130,142,272,844,729,1573
 Stanley Medical College  Chennai,2016,C-45403,600,853,590,459,1049,110,169,279,741,698,1439
 Stanley Medical College  Chennai,2017,C-45403,850,1003,638,511,1149,98,148,246,775,727,1502
 Stanley Medical College  Chennai,2018,C-45403,950,1145,682,566,1248,120,170,290,841,803,1644
 Madurai Medical College  Madurai,2012,C-45404,750,765,466,725,1191,265,155,420,815,1276,2091
 Madurai Medical College  Madurai,2013,C-45404,750,774,430,711,1141,291,185,476,848,1279,2127
 Madurai Medical College  Madurai,2014,C-45404,750,788,416,636,1052,247,170,417,791,1215,2006
 Madurai Medical College  Madurai,2015,C-45404,750,810,383,663,1046,242,171,413,796,1204,2000
 Madurai Medical College  Madurai,2016,C-45404,750,833,409,606,1015,225,189,414,851,1178,2029
 Madurai Medical College  Madurai,2017,C-45404,750,843,396,606,1002,285,222,507,918,1888,2806
 Madurai Medical College  Madurai,2018,C-45404,750,845,387,615,1002,261,214,475,940,1788,2728
 Kilpauk Medical College  Chennai,2012,C-45405,0,210,230,270,500,0,0,0,230,270,500
 Kilpauk Medical College  Chennai,2013,C-45405,100,319,257,293,550,0,0,0,257,293,550
 Kilpauk Medical College  Chennai,2014,C-45405,200,443,284,362,646,0,0,0,284,362,646
 Kilpauk Medical College  Chennai,2015,C-45405,300,575,288,362,650,0,0,0,288,362,650
 Kilpauk Medical College  Chennai,2016,C-45405,400,601,309,391,700,0,0,0,309,391,700
 Kilpauk Medical College  Chennai,2017,C-45405,550,666,316,430,746,0,0,0,316,430,746
 Kilpauk Medical College  Chennai,2018,C-45405,600,736,296,450,746,0,0,0,296,450,746
 Thanjavur Medical College Thanjavur,2013,C-45406,750,612,384,384,768,39,26,65,516,819,1335
 Thanjavur Medical College Thanjavur,2014,C-45406,750,627,93,49,142,16,36,52,263,603,866
 Thanjavur Medical College Thanjavur,2015,C-45406,750,644,74,79,153,34,25,59,196,513,709
 Thanjavur Medical College Thanjavur,2016,C-45406,750,664,367,387,754,34,31,65,486,858,1344
 Thanjavur Medical College Thanjavur,2017,C-45406,750,679,389,370,759,31,26,57,596,689,1285
 Thanjavur Medical College Thanjavur,2018,C-45406,750,689,360,389,749,40,32,72,589,710,1299
 Sankara Netralaya  Medical Research Foundation  Chennai,2016,C-45412,0,27,0,0,0,0,0,0,2,6,8
 Sankara Netralaya  Medical Research Foundation  Chennai,2017,C-45412,0,16,0,0,0,0,0,0,1,7,8
 Sankara Netralaya  Medical Research Foundation  Chennai,2018,C-45412,0,0,0,0,0,0,0,0,1,7,8
 Sri Muthukumaran Medical College Chennai,2012,C-45461,450,450,68,82,150,0,0,0,68,82,150
 Sri Muthukumaran Medical College Chennai,2013,C-45461,600,450,65,85,150,0,0,0,65,85,150
 Sri Muthukumaran Medical College Chennai,2014,C-45461,750,450,73,95,168,0,0,0,73,95,168
 Sri Muthukumaran Medical College Chennai,2015,C-45461,750,450,64,86,150,0,0,0,64,86,150
 Sri Muthukumaran Medical College Chennai,2016,C-45461,750,450,0,0,0,0,0,0,0,0,0
 Sri Muthukumaran Medical College Chennai,2017,C-45461,750,450,110,168,278,0,0,0,110,168,278
 Sri Muthukumaran Medical College Chennai,2018,C-45461,750,450,55,95,150,0,0,0,55,95,150
 Tagore Medical College and Hospital  Chennai,2012,C-45462,750,450,119,173,292,0,0,0,119,173,292
 Tagore Medical College and Hospital  Chennai,2013,C-45462,750,450,119,173,292,0,0,0,119,173,292
 Tagore Medical College and Hospital  Chennai,2014,C-45462,750,450,171,213,384,0,0,0,171,213,384
 Tagore Medical College and Hospital  Chennai,2015,C-45462,750,450,214,262,476,0,0,0,214,262,476
 Tagore Medical College and Hospital  Chennai,2016,C-45462,750,450,215,259,474,0,0,0,215,259,474
 Tagore Medical College and Hospital  Chennai,2017,C-45462,750,450,231,274,505,0,0,0,231,274,505
 Tagore Medical College and Hospital  Chennai,2018,C-45462,750,450,287,364,651,0,0,0,287,364,651
 Regional centre for Cancer Research and treatment Adyar Chennai,2012,C-45496,150,26,0,0,0,41,4,45,45,4,49
 Regional centre for Cancer Research and treatment Adyar Chennai,2013,C-45496,0,31,0,0,0,36,8,44,38,9,47
 Regional centre for Cancer Research and treatment Adyar Chennai,2014,C-45496,0,32,17,14,31,0,0,0,17,14,31
 Regional centre for Cancer Research and treatment Adyar Chennai,2015,C-45496,0,31,18,14,32,0,0,0,18,14,32
 Regional centre for Cancer Research and treatment Adyar Chennai,2016,C-45496,0,33,22,20,42,0,0,0,22,20,42
 Regional centre for Cancer Research and treatment Adyar Chennai,2017,C-45496,0,33,22,29,51,0,0,0,22,29,51
 Regional centre for Cancer Research and treatment Adyar Chennai,2018,C-45496,0,38,23,34,57,0,0,0,23,34,57
 ESI-PGIMSR ESI Hospital K.K Nagar Chennai,2012,C-45507,450,198,0,0,0,4,7,11,4,7,11
 ESI-PGIMSR ESI Hospital K.K Nagar Chennai,2013,C-45507,400,148,0,0,0,7,14,21,7,14,21
 ESI-PGIMSR ESI Hospital K.K Nagar Chennai,2014,C-45507,350,251,28,59,87,15,20,35,43,79,122
 ESI-PGIMSR ESI Hospital K.K Nagar Chennai,2015,C-45507,300,353,65,125,190,16,22,38,81,147,228
 ESI-PGIMSR ESI Hospital K.K Nagar Chennai,2016,C-45507,400,352,101,158,259,17,11,28,118,169,287
 ESI-PGIMSR ESI Hospital K.K Nagar Chennai,2017,C-45507,500,354,133,226,359,6,13,19,139,239,378
 ESI-PGIMSR ESI Hospital K.K Nagar Chennai,2018,C-45507,500,358,169,289,458,7,7,14,176,296,472
 Coimbatore Medical College  Coimbatore,2012,C-45513,750,644,69,77,146,33,28,61,108,110,218
 Coimbatore Medical College  Coimbatore,2013,C-45513,750,670,63,84,147,30,31,61,98,124,222
 Coimbatore Medical College  Coimbatore,2014,C-45513,750,682,54,88,142,27,34,61,90,128,218
 Coimbatore Medical College  Coimbatore,2015,C-45513,750,696,54,95,149,27,36,63,86,139,225
 Coimbatore Medical College  Coimbatore,2016,C-45513,750,705,55,91,146,32,38,70,95,138,233
 Coimbatore Medical College  Coimbatore,2017,C-45513,750,742,56,87,143,35,37,72,99,133,232
 Coimbatore Medical College  Coimbatore,2018,C-45513,750,781,62,88,150,51,51,102,118,148,266
 Government Dharmapuri Medical College  Dharmapuri,2012,C-45577,500,300,219,259,478,0,0,0,219,259,478
 Government Dharmapuri Medical College  Dharmapuri,2013,C-45577,500,300,220,260,480,0,0,0,220,260,480
 Government Dharmapuri Medical College  Dharmapuri,2014,C-45577,500,300,229,246,475,0,0,0,229,246,475
 Government Dharmapuri Medical College  Dharmapuri,2015,C-45577,500,300,220,260,480,0,0,0,220,260,480
 Government Dharmapuri Medical College  Dharmapuri,2016,C-45577,500,300,220,260,480,0,0,0,250,293,543
 Government Dharmapuri Medical College  Dharmapuri,2017,C-45577,500,300,236,264,500,0,0,0,290,314,604
 Government Dharmapuri Medical College  Dharmapuri,2018,C-45577,500,308,236,264,500,0,0,0,330,357,687
 IRT Perundurai Medical College  Perundurai,2013,C-45594,460,260,133,161,294,0,0,0,133,161,294
 IRT Perundurai Medical College  Perundurai,2014,C-45594,420,220,155,192,347,0,0,0,155,192,347
 IRT Perundurai Medical College  Perundurai,2015,C-45594,380,180,155,192,347,0,0,0,155,192,347
 IRT Perundurai Medical College  Perundurai,2016,C-45594,340,180,157,181,338,0,0,0,157,181,338
 IRT Perundurai Medical College  Perundurai,2017,C-45594,340,220,169,191,360,0,0,0,169,191,360
 IRT Perundurai Medical College  Perundurai,2018,C-45594,380,260,179,221,400,0,0,0,179,221,400
 KanyaKumari Government Medical College  Asaripallam,2012,C-45623,500,300,157,197,354,0,0,0,169,494,663
 KanyaKumari Government Medical College  Asaripallam,2013,C-45623,500,305,170,198,368,0,0,0,182,495,677
 KanyaKumari Government Medical College  Asaripallam,2014,C-45623,500,310,170,198,368,0,0,0,180,476,656
 KanyaKumari Government Medical College  Asaripallam,2015,C-45623,500,315,177,199,376,8,7,15,214,522,736
 KanyaKumari Government Medical College  Asaripallam,2016,C-45623,500,315,184,209,393,8,7,15,215,518,733
 KanyaKumari Government Medical College  Asaripallam,2017,C-45623,500,326,194,195,389,7,8,15,224,486,710
 KanyaKumari Government Medical College  Asaripallam,2018,C-45623,500,337,181,203,384,14,12,26,213,522,735
 Sree Mookambika Institute of Medical Sciences  Kanyakumari,2012,C-45625,500,337,47,53,100,2,11,13,49,64,113
 Sree Mookambika Institute of Medical Sciences  Kanyakumari,2013,C-45625,500,360,31,69,100,4,13,17,35,82,117
 Sree Mookambika Institute of Medical Sciences  Kanyakumari,2014,C-45625,500,379,41,59,100,7,9,16,48,68,116
 Sree Mookambika Institute of Medical Sciences  Kanyakumari,2015,C-45625,500,393,40,60,100,10,14,24,50,74,124
 Sree Mookambika Institute of Medical Sciences  Kanyakumari,2016,C-45625,500,406,41,58,99,11,15,26,52,73,125
 Sree Mookambika Institute of Medical Sciences  Kanyakumari,2017,C-45625,500,408,33,67,100,14,13,27,47,80,127
 Sree Mookambika Institute of Medical Sciences  Kanyakumari,2018,C-45625,500,408,35,65,100,11,12,23,46,77,123
 Aravind Eye Hospitals & Post Graduate Institute of Ophthalmology  Madurai,2012,C-45647,0,36,0,0,0,5,19,24,10,22,32
 Aravind Eye Hospitals & Post Graduate Institute of Ophthalmology  Madurai,2013,C-45647,0,36,0,0,0,9,21,30,14,104,118
 Aravind Eye Hospitals & Post Graduate Institute of Ophthalmology  Madurai,2014,C-45647,0,48,0,0,0,13,23,36,24,73,97
 Aravind Eye Hospitals & Post Graduate Institute of Ophthalmology  Madurai,2015,C-45647,0,60,0,0,0,15,21,36,18,34,52
 Aravind Eye Hospitals & Post Graduate Institute of Ophthalmology  Madurai,2016,C-45647,0,72,0,0,0,13,20,33,15,33,48
 Aravind Eye Hospitals & Post Graduate Institute of Ophthalmology  Madurai,2017,C-45647,0,72,0,0,0,11,22,33,15,34,49
 Aravind Eye Hospitals & Post Graduate Institute of Ophthalmology  Madurai,2018,C-45647,0,72,0,0,0,10,23,33,15,34,49
 Institute of Opthalmology Joseph Eye Hospital  Tiruchirapalli,2012,C-45683,0,12,0,0,0,4,4,8,9,7,16
 Institute of Opthalmology Joseph Eye Hospital  Tiruchirapalli,2013,C-45683,0,12,0,0,0,2,6,8,6,9,15
 Institute of Opthalmology Joseph Eye Hospital  Tiruchirapalli,2014,C-45683,0,12,0,0,0,4,6,10,6,12,18
 Institute of Opthalmology Joseph Eye Hospital  Tiruchirapalli,2015,C-45683,0,16,0,0,0,4,6,10,6,11,17
 Institute of Opthalmology Joseph Eye Hospital  Tiruchirapalli,2016,C-45683,0,20,0,0,0,5,5,10,8,9,17
 Institute of Opthalmology Joseph Eye Hospital  Tiruchirapalli,2017,C-45683,0,24,0,0,0,7,4,11,8,11,19
 Institute of Opthalmology Joseph Eye Hospital  Tiruchirapalli,2018,C-45683,0,24,0,0,0,5,6,11,5,13,18
 K A P Viswanathan Government Medical College  Trichy,2012,C-45684,0,48,0,0,0,20,24,44,20,24,44
 K A P Viswanathan Government Medical College  Trichy,2013,C-45684,100,150,318,292,610,0,0,0,318,292,610
 K A P Viswanathan Government Medical College  Trichy,2014,C-45684,200,252,304,357,661,23,28,51,327,385,712
 K A P Viswanathan Government Medical College  Trichy,2015,C-45684,300,354,387,465,852,46,40,86,433,505,938
 K A P Viswanathan Government Medical College  Trichy,2016,C-45684,400,357,331,434,765,23,29,52,354,463,817
 K A P Viswanathan Government Medical College  Trichy,2017,C-45684,550,473,344,470,814,27,27,54,371,497,868
 K A P Viswanathan Government Medical College  Trichy,2018,C-45684,600,605,360,501,861,52,49,101,412,550,962
 Mohan Kumaramangalam Medical College  Salem,2012,C-45690,0,51,203,177,380,24,13,37,253,807,1060
 Mohan Kumaramangalam Medical College  Salem,2013,C-45690,75,136,200,180,380,28,16,44,254,813,1067
 Mohan Kumaramangalam Medical College  Salem,2014,C-45690,150,221,237,282,519,35,22,57,319,981,1300
 Mohan Kumaramangalam Medical College  Salem,2015,C-45690,225,306,221,246,467,36,23,59,302,917,1219
 Mohan Kumaramangalam Medical College  Salem,2016,C-45690,300,316,185,202,387,41,28,69,283,836,1119
 Mohan Kumaramangalam Medical College  Salem,2017,C-45690,400,387,233,254,487,47,35,82,388,473,861
 Mohan Kumaramangalam Medical College  Salem,2018,C-45690,425,461,246,262,508,69,58,127,476,549,1025
 Dhanalakshmi Srinivasan Medical College and Hospital Perambalur,2012,C-45716,750,517,61,89,150,0,0,0,61,89,150
 Dhanalakshmi Srinivasan Medical College and Hospital Perambalur,2013,C-45716,750,450,112,188,300,0,0,0,112,188,300
 Dhanalakshmi Srinivasan Medical College and Hospital Perambalur,2014,C-45716,750,450,176,274,450,0,0,0,176,274,450
 Dhanalakshmi Srinivasan Medical College and Hospital Perambalur,2015,C-45716,750,464,245,355,600,0,0,0,245,355,600
 Dhanalakshmi Srinivasan Medical College and Hospital Perambalur,2016,C-45716,750,482,317,433,750,4,1,5,321,434,755
 Dhanalakshmi Srinivasan Medical College and Hospital Perambalur,2017,C-45716,750,500,371,529,900,8,9,17,379,538,917
 Dhanalakshmi Srinivasan Medical College and Hospital Perambalur,2018,C-45716,750,504,387,513,900,11,17,28,398,530,928
 Government Villupuram Medical College  Villupuram,2012,C-45731,300,300,492,608,1100,0,0,0,492,608,1100
 Government Villupuram Medical College  Villupuram,2013,C-45731,400,300,1176,724,1900,0,0,0,1176,724,1900
 Government Villupuram Medical College  Villupuram,2014,C-45731,500,300,1339,810,2149,0,0,0,1339,810,2149
 Government Villupuram Medical College  Villupuram,2015,C-45731,500,300,693,707,1400,0,0,0,693,707,1400
 Government Villupuram Medical College  Villupuram,2018,C-45731,500,300,773,777,1550,0,0,0,773,777,1550
 Thiruvarur Govt. Medical College  Thiruvarur,2012,C-45775,600,300,51,48,99,0,0,0,51,48,99
 Thiruvarur Govt. Medical College  Thiruvarur,2013,C-45775,550,300,93,106,199,0,0,0,93,106,199
 Thiruvarur Govt. Medical College  Thiruvarur,2014,C-45775,500,300,144,155,299,0,0,0,144,155,299
 Thiruvarur Govt. Medical College  Thiruvarur,2015,C-45775,500,300,43,57,100,0,0,0,43,57,100
 Thiruvarur Govt. Medical College  Thiruvarur,2016,C-45775,500,300,193,206,399,0,0,0,193,206,399
 Thiruvarur Govt. Medical College  Thiruvarur,2017,C-45775,500,300,238,261,499,0,0,0,238,261,499
 Thiruvarur Govt. Medical College  Thiruvarur,2018,C-45775,500,300,239,260,499,0,0,0,239,260,499
 Chengalpattu Medical College  Chengalpattu,2012,C-45796,500,339,127,290,417,32,14,46,194,527,721
 Chengalpattu Medical College  Chengalpattu,2013,C-45796,500,347,153,363,516,35,11,46,230,743,973
 Chengalpattu Medical College  Chengalpattu,2014,C-45796,500,356,185,397,582,28,24,52,260,699,959
 Chengalpattu Medical College  Chengalpattu,2015,C-45796,500,365,211,437,648,28,32,60,280,785,1065
 Chengalpattu Medical College  Chengalpattu,2016,C-45796,500,375,252,463,715,26,38,64,325,865,1190
 Chengalpattu Medical College  Chengalpattu,2017,C-45796,500,422,271,479,750,30,41,71,335,932,1267
 Chengalpattu Medical College  Chengalpattu,2018,C-45796,500,489,280,472,752,59,54,113,395,997,1392
 Madha Medical College and Hospital  Thandalam  Chennai,2012,C-45797,260,100,57,90,147,0,0,0,57,90,147
 Madha Medical College and Hospital  Thandalam  Chennai,2013,C-45797,200,0,127,164,291,0,0,0,127,164,291
 Madha Medical College and Hospital  Thandalam  Chennai,2014,C-45797,100,0,186,251,437,0,0,0,186,251,437
 Madha Medical College and Hospital  Thandalam  Chennai,2015,C-45797,0,0,186,251,437,0,0,0,186,251,437
 Madha Medical College and Hospital  Thandalam  Chennai,2016,C-45797,0,0,116,177,293,0,0,0,116,177,293
 Madha Medical College and Hospital  Thandalam  Chennai,2017,C-45797,0,0,179,267,446,0,0,0,179,267,446
 Madha Medical College and Hospital  Thandalam  Chennai,2018,C-45797,0,0,123,174,297,0,0,0,123,174,297
 Melmaruvathur Adiparasakthi Instt. Medical Sciences  and Research,2012,C-45814,750,462,309,404,713,0,0,0,309,404,713
 Melmaruvathur Adiparasakthi Instt. Medical Sciences  and Research,2013,C-45814,750,470,309,404,713,0,0,0,309,404,713
 Melmaruvathur Adiparasakthi Instt. Medical Sciences  and Research,2014,C-45814,750,478,238,330,568,0,0,0,238,330,568
 Melmaruvathur Adiparasakthi Instt. Medical Sciences  and Research,2015,C-45814,750,486,136,164,300,0,0,0,136,164,300
 Melmaruvathur Adiparasakthi Instt. Medical Sciences  and Research,2016,C-45814,750,486,74,76,150,0,0,0,74,76,150
 Melmaruvathur Adiparasakthi Instt. Medical Sciences  and Research,2017,C-45814,750,486,143,157,300,0,0,0,143,157,300
 Melmaruvathur Adiparasakthi Instt. Medical Sciences  and Research,2018,C-45814,750,486,73,76,149,0,0,0,73,76,149
 Karpaga Vinayaga Institute of Medical Sciences Maduranthagam,2012,C-45816,550,300,134,164,298,0,0,0,134,164,298
 Karpaga Vinayaga Institute of Medical Sciences Maduranthagam,2013,C-45816,500,314,177,221,398,0,0,0,177,221,398
 Karpaga Vinayaga Institute of Medical Sciences Maduranthagam,2014,C-45816,500,328,287,311,598,0,0,0,287,311,598
 Karpaga Vinayaga Institute of Medical Sciences Maduranthagam,2015,C-45816,500,342,287,311,598,0,0,0,287,311,598
 Karpaga Vinayaga Institute of Medical Sciences Maduranthagam,2016,C-45816,500,346,324,276,600,0,0,0,324,276,600
 Karpaga Vinayaga Institute of Medical Sciences Maduranthagam,2017,C-45816,500,366,282,318,600,0,0,0,282,318,600
 Karpaga Vinayaga Institute of Medical Sciences Maduranthagam,2018,C-45816,500,386,274,326,600,0,0,0,274,326,600
 Thoothukudi Medical College  Thoothukudi,2012,C-45917,500,300,205,205,410,0,0,0,205,205,410
 Thoothukudi Medical College  Thoothukudi,2013,C-45917,500,300,198,213,411,0,0,0,198,213,411
 Thoothukudi Medical College  Thoothukudi,2014,C-45917,500,300,218,238,456,0,0,0,218,238,456
 Thoothukudi Medical College  Thoothukudi,2015,C-45917,500,300,253,251,504,0,0,0,253,251,504
 Thoothukudi Medical College  Thoothukudi,2016,C-45917,500,300,299,335,634,0,0,0,299,335,634
 Thoothukudi Medical College  Thoothukudi,2017,C-45917,550,350,311,372,683,0,0,0,311,372,683
 Thoothukudi Medical College  Thoothukudi,2018,C-45917,600,438,335,387,722,0,0,0,335,387,722
 Punjab Institute of Medical Sciences  Jalandhar,2012,C-46108,600,400,67,83,150,0,0,0,67,83,150
 Punjab Institute of Medical Sciences  Jalandhar,2013,C-46108,650,450,123,177,300,0,0,0,123,177,300
 Punjab Institute of Medical Sciences  Jalandhar,2014,C-46108,700,450,123,177,300,0,0,0,123,177,300
 Punjab Institute of Medical Sciences  Jalandhar,2015,C-46108,750,450,190,244,434,0,0,0,190,244,434
 Punjab Institute of Medical Sciences  Jalandhar,2016,C-46108,750,450,263,322,585,0,0,0,263,322,585
 Punjab Institute of Medical Sciences  Jalandhar,2017,C-46108,750,450,328,406,734,0,0,0,328,406,734
 Punjab Institute of Medical Sciences  Jalandhar,2018,C-46108,750,450,363,449,812,0,0,0,363,449,812
 ESI-PGIMSR ESI-Hospital Basaidarapur New Delhi,2018,C-46310,0,129,0,0,0,32,24,56,32,24,56
 GMERS Medical College  Dharpur Patan,2013,C-46573,650,450,87,63,150,0,0,0,87,63,150
 GMERS Medical College  Dharpur Patan,2014,C-46573,750,450,86,62,148,0,0,0,86,62,148
 GMERS Medical College  Dharpur Patan,2015,C-46573,750,450,75,75,150,0,0,0,75,75,150
 GMERS Medical College  Dharpur Patan,2016,C-46573,750,450,69,81,150,0,0,0,69,81,150
 GMERS Medical College  Dharpur Patan,2017,C-46573,750,450,395,353,748,0,0,0,395,353,748
 GMERS Medical College  Dharpur Patan,2018,C-46573,750,450,408,340,748,0,0,0,408,340,748
 GMERS Medical College  Valsad,2013,C-46593,750,450,148,126,274,0,0,0,148,126,274
 GMERS Medical College  Valsad,2014,C-46593,750,450,90,128,218,0,0,0,90,128,218
 GMERS Medical College  Valsad,2015,C-46593,750,450,197,201,398,0,0,0,197,201,398
 GMERS Medical College  Valsad,2016,C-46593,750,450,148,197,345,0,0,0,148,197,345
 GMERS Medical College  Valsad,2017,C-46593,750,450,368,377,745,0,0,0,368,377,745
 GMERS Medical College  Valsad,2018,C-46593,750,450,339,265,604,0,0,0,339,265,604
 Jawaharlal Nehru Medical College  Ajmer,2015,C-47042,300,585,277,223,500,197,90,287,474,313,787
 Jawaharlal Nehru Medical College  Ajmer,2016,C-47042,400,599,498,252,750,194,93,287,692,345,1037
 Jawaharlal Nehru Medical College  Ajmer,2017,C-47042,550,678,453,346,799,186,106,292,639,452,1091
 Jawaharlal Nehru Medical College  Ajmer,2018,C-47042,600,760,482,368,850,138,91,229,620,459,1079
 Sardar Patel Medical College  Bikaner,2015,C-47073,300,607,616,381,997,197,105,302,841,494,1335
 Sardar Patel Medical College  Bikaner,2016,C-47073,450,773,687,460,1147,195,111,306,912,576,1488
 SMS Medical College  Jaipur,2012,C-47118,0,825,526,222,748,349,173,522,977,433,1410
 SMS Medical College  Jaipur,2013,C-47118,0,881,88,63,151,140,61,201,239,131,370
 SMS Medical College  Jaipur,2014,C-47118,150,1098,172,76,248,139,83,222,324,166,490
 SMS Medical College  Jaipur,2015,C-47118,300,1315,144,105,249,134,88,222,301,203,504
 SMS Medical College  Jaipur,2016,C-47118,450,1494,172,78,250,161,83,244,355,175,530
 SMS Medical College  Jaipur,2017,C-47118,600,1659,0,0,0,179,94,273,195,107,302
 SMS Medical College  Jaipur,2018,C-47118,850,1919,916,401,1317,562,275,837,1510,698,2208
 Jhalawar Medical College  Jhalawar,2015,C-47141,500,382,277,218,495,3,2,5,280,220,500
 Jhalawar Medical College  Jhalawar,2016,C-47141,500,404,275,220,495,15,10,25,290,230,520
 Jhalawar Medical College  Jhalawar,2017,C-47141,500,462,286,259,545,27,15,42,313,274,587
 Jhalawar Medical College  Jhalawar,2018,C-47141,550,585,314,281,595,70,27,97,384,308,692
 Dr SN Medical College  Jodhpur,2013,C-47152,150,459,494,0,494,0,0,0,494,0,494
 Dr SN Medical College  Jodhpur,2014,C-47152,300,644,449,195,644,0,0,0,449,195,644
 Dr SN Medical College  Jodhpur,2015,C-47152,450,820,536,262,798,0,0,0,536,262,798
 Dr SN Medical College  Jodhpur,2016,C-47152,600,821,536,262,798,0,0,0,536,262,798
 Dr SN Medical College  Jodhpur,2017,C-47152,850,960,703,345,1048,0,0,0,703,345,1048
 Dr SN Medical College  Jodhpur,2018,C-47152,950,1111,803,446,1249,0,0,0,803,446,1249
 Srinivas Institute of Medical Research Centre  Srinivasnagar,2012,C-47323,750,450,66,84,150,0,0,0,66,84,150
 Srinivas Institute of Medical Research Centre  Srinivasnagar,2013,C-47323,750,450,82,68,150,0,0,0,82,68,150
 Srinivas Institute of Medical Research Centre  Srinivasnagar,2014,C-47323,750,450,69,81,150,0,0,0,69,81,150
 Srinivas Institute of Medical Research Centre  Srinivasnagar,2015,C-47323,750,450,76,74,150,0,0,0,76,74,150
 Srinivas Institute of Medical Research Centre  Srinivasnagar,2016,C-47323,750,450,0,0,0,0,0,0,0,0,0
 Srinivas Institute of Medical Research Centre  Srinivasnagar,2017,C-47323,750,450,0,0,0,0,0,0,0,0,0
 Srinivas Institute of Medical Research Centre  Srinivasnagar,2018,C-47323,750,450,50,100,150,0,0,0,50,100,150
 Institute of Aerospace Medicine Indian Air Force  Bangaluru,2012,C-47329,0,30,0,0,0,16,6,22,16,6,22
 Institute of Aerospace Medicine Indian Air Force  Bangaluru,2013,C-47329,0,30,0,0,0,14,5,19,14,5,19
 Institute of Aerospace Medicine Indian Air Force  Bangaluru,2015,C-47329,0,30,0,0,0,17,1,18,17,1,18
 Institute of Aerospace Medicine Indian Air Force  Bangaluru,2016,C-47329,0,30,0,0,0,20,2,22,20,2,22
 Institute of Aerospace Medicine Indian Air Force  Bangaluru,2017,C-47329,0,30,0,0,0,15,3,18,15,3,18
 Institute of Aerospace Medicine Indian Air Force  Bangaluru,2018,C-47329,0,37,0,0,0,17,5,22,17,5,22
 Employees State Insurance Corporation Medical College  Bangalore,2012,C-47410,400,163,0,0,0,30,30,60,30,30,60
 Employees State Insurance Corporation Medical College  Bangalore,2013,C-47410,350,274,47,48,95,24,26,50,71,74,145
 Employees State Insurance Corporation Medical College  Bangalore,2015,C-47410,400,392,132,167,299,41,47,88,173,214,387
 Employees State Insurance Corporation Medical College  Bangalore,2016,C-47410,500,403,180,218,398,50,54,104,230,272,502
 Employees State Insurance Corporation Medical College  Bangalore,2017,C-47410,500,431,208,271,479,64,60,124,272,331,603
 Employees State Insurance Corporation Medical College  Bangalore,2018,C-47410,500,463,214,281,495,66,69,135,280,350,630
 Subbaiah Institute of Medical Sciences  Shimoga  Karnataka,2012,C-47429,750,450,0,0,0,0,0,0,0,0,0
 Subbaiah Institute of Medical Sciences  Shimoga  Karnataka,2013,C-47429,750,450,61,89,150,0,0,0,61,89,150
 Subbaiah Institute of Medical Sciences  Shimoga  Karnataka,2014,C-47429,750,450,137,163,300,0,0,0,137,163,300
 Subbaiah Institute of Medical Sciences  Shimoga  Karnataka,2015,C-47429,750,450,218,240,458,0,0,0,218,240,458
 Subbaiah Institute of Medical Sciences  Shimoga  Karnataka,2016,C-47429,750,450,194,261,455,0,0,0,194,261,455
 Subbaiah Institute of Medical Sciences  Shimoga  Karnataka,2017,C-47429,750,450,225,344,569,0,0,0,225,344,569
 Subbaiah Institute of Medical Sciences  Shimoga  Karnataka,2018,C-47429,750,450,263,322,585,0,0,0,263,322,585
 Tirunelveli Medical College Tirunelveli,2012,C-47556,750,621,450,450,900,78,80,158,591,1346,1937
 Tirunelveli Medical College Tirunelveli,2013,C-47556,750,623,450,450,900,78,80,158,591,1346,1937
 Tirunelveli Medical College Tirunelveli,2014,C-47556,750,625,450,450,900,296,295,591,902,1644,2546
 Tirunelveli Medical College Tirunelveli,2015,C-47556,750,628,450,450,900,80,78,158,593,1344,1937
 Tirunelveli Medical College Tirunelveli,2016,C-47556,750,627,450,450,900,78,80,158,593,1347,1940
 Tirunelveli Medical College Tirunelveli,2017,C-47556,750,700,450,450,900,78,80,158,591,1346,1937
 Tirunelveli Medical College Tirunelveli,2018,C-47556,750,776,0,0,0,0,0,0,0,0,0
 Government Vellore Medical College  Vellore,2012,C-47557,500,300,49,51,100,0,0,0,49,51,100
 Government Vellore Medical College  Vellore,2013,C-47557,500,306,51,53,104,0,0,0,51,53,104
 Government Vellore Medical College  Vellore,2014,C-47557,500,312,50,54,104,0,0,0,50,54,104
 Government Vellore Medical College  Vellore,2015,C-47557,500,318,222,232,454,0,0,0,222,232,454
 Government Vellore Medical College  Vellore,2016,C-47557,500,318,237,221,458,0,0,0,237,221,458
 Government Vellore Medical College  Vellore,2017,C-47557,500,335,248,224,472,0,0,0,248,224,472
 Government Vellore Medical College  Vellore,2018,C-47557,500,352,250,237,487,24,10,34,274,247,521
 Theni Government Medical College Theni,2012,C-47558,500,300,37,49,86,0,0,0,83,251,334
 Theni Government Medical College Theni,2013,C-47558,500,310,37,49,86,0,0,0,100,214,314
 Theni Government Medical College Theni,2014,C-47558,500,320,150,235,385,2,4,6,177,533,710
 Theni Government Medical College Theni,2015,C-47558,500,330,164,270,434,3,8,11,190,521,711
 Theni Government Medical College Theni,2016,C-47558,500,336,165,318,483,4,13,17,211,684,895
 Theni Government Medical College Theni,2017,C-47558,500,354,163,225,388,6,15,21,197,408,605
 Theni Government Medical College Theni,2018,C-47558,500,386,195,290,485,14,22,36,276,628,904
 Government Sivagangai Medical College  Sivaganga,2013,C-47559,600,350,48,52,100,0,0,0,48,52,100
 Government Sivagangai Medical College  Sivaganga,2014,C-47559,600,300,99,101,200,0,0,0,99,101,200
 Government Sivagangai Medical College  Sivaganga,2015,C-47559,550,300,148,152,300,0,0,0,148,152,300
 Government Sivagangai Medical College  Sivaganga,2016,C-47559,500,300,199,201,400,0,0,0,199,201,400
 Government Sivagangai Medical College  Sivaganga,2017,C-47559,500,300,245,255,500,0,0,0,245,255,500
 Government Sivagangai Medical College  Sivaganga,2018,C-47559,500,300,278,322,600,0,0,0,278,322,600
 Karpagam Faculty of Medical Sciences & Research  Coimbatore,2013,C-47560,700,550,61,89,150,0,0,0,61,89,150
 Karpagam Faculty of Medical Sciences & Research  Coimbatore,2014,C-47560,750,450,69,81,150,0,0,0,69,81,150
 Karpagam Faculty of Medical Sciences & Research  Coimbatore,2015,C-47560,750,464,67,83,150,0,0,0,67,83,150
 Karpagam Faculty of Medical Sciences & Research  Coimbatore,2016,C-47560,750,480,63,87,150,0,0,0,63,87,150
 Karpagam Faculty of Medical Sciences & Research  Coimbatore,2017,C-47560,750,496,314,414,728,0,0,0,314,414,728
 Karpagam Faculty of Medical Sciences & Research  Coimbatore,2018,C-47560,750,498,258,342,600,0,0,0,258,342,600
 Murshidabad Medical College & Hospitals  Murshidabad,2013,C-47719,500,300,69,31,100,0,0,0,69,31,100
 Murshidabad Medical College & Hospitals  Murshidabad,2014,C-47719,500,300,128,72,200,0,0,0,128,72,200
 Murshidabad Medical College & Hospitals  Murshidabad,2015,C-47719,500,300,191,108,299,0,0,0,191,108,299
 Murshidabad Medical College & Hospitals  Murshidabad,2016,C-47719,500,300,261,137,398,0,0,0,261,137,398
 Murshidabad Medical College & Hospitals  Murshidabad,2017,C-47719,500,300,323,173,496,0,0,0,323,173,496
 Murshidabad Medical College & Hospitals  Murshidabad,2018,C-47719,500,300,331,167,498,0,0,0,331,167,498
 Mahatma Gandhi Medical College & Research Institute  Pondicherry,2013,C-47762,750,639,441,459,900,106,74,180,568,541,1109
 Mahatma Gandhi Medical College & Research Institute  Pondicherry,2014,C-47762,750,644,462,438,900,108,87,195,593,533,1126
 Mahatma Gandhi Medical College & Research Institute  Pondicherry,2015,C-47762,750,647,436,414,850,106,88,194,564,510,1074
 Mahatma Gandhi Medical College & Research Institute  Pondicherry,2016,C-47762,750,650,491,474,965,103,80,183,618,568,1186
 Mahatma Gandhi Medical College & Research Institute  Pondicherry,2017,C-47762,850,776,614,572,1186,118,78,196,768,674,1442
 Mahatma Gandhi Medical College & Research Institute  Pondicherry,2018,C-47762,950,948,534,541,1075,99,85,184,661,652,1313
 Shri Satya Sai Medical College and Research Institute  Kancheepuram,2012,C-47765,750,471,748,0,748,0,0,0,748,0,748
 Shri Satya Sai Medical College and Research Institute  Kancheepuram,2013,C-47765,750,474,394,354,748,1,2,3,395,356,751
 Shri Satya Sai Medical College and Research Institute  Kancheepuram,2014,C-47765,750,479,343,289,632,1,2,3,344,291,635
 Shri Satya Sai Medical College and Research Institute  Kancheepuram,2015,C-47765,750,484,438,302,740,1,5,6,439,307,746
 Shri Satya Sai Medical College and Research Institute  Kancheepuram,2016,C-47765,750,512,392,382,774,2,3,5,394,385,779
 Shri Satya Sai Medical College and Research Institute  Kancheepuram,2017,C-47765,750,549,343,366,709,3,4,7,346,370,716
 Shri Satya Sai Medical College and Research Institute  Kancheepuram,2018,C-47765,750,608,330,414,744,35,25,60,365,439,804
 GCS Medical College  Ahmedabad,2012,C-47885,750,567,77,73,150,0,0,0,77,73,150
 GCS Medical College  Ahmedabad,2013,C-47885,750,450,76,74,150,0,0,0,76,74,150
 GCS Medical College  Ahmedabad,2014,C-47885,750,450,228,222,450,0,0,0,228,222,450
 GCS Medical College  Ahmedabad,2015,C-47885,750,450,320,280,600,0,0,0,320,280,600
 GCS Medical College  Ahmedabad,2016,C-47885,750,450,394,356,750,0,0,0,394,356,750
 GCS Medical College  Ahmedabad,2017,C-47885,750,495,452,411,863,0,0,0,452,411,863
 GCS Medical College  Ahmedabad,2018,C-47885,750,561,398,352,750,17,11,28,415,363,778
 GMERS Medical College  Sola  Ahmedabad,2012,C-47886,750,452,67,83,150,0,0,0,67,83,150
 GMERS Medical College  Sola  Ahmedabad,2013,C-47886,750,450,147,153,300,0,0,0,147,153,300
 GMERS Medical College  Sola  Ahmedabad,2014,C-47886,750,450,225,225,450,0,0,0,225,225,450
 GMERS Medical College  Sola  Ahmedabad,2015,C-47886,750,450,314,286,600,0,0,0,314,286,600
 GMERS Medical College  Sola  Ahmedabad,2016,C-47886,750,463,403,347,750,0,0,0,403,347,750
 GMERS Medical College  Sola  Ahmedabad,2017,C-47886,750,500,419,331,750,0,0,0,419,331,750
 GMERS Medical College  Sola  Ahmedabad,2018,C-47886,750,550,427,323,750,0,0,0,427,323,750
 GMERS Medical College  Gandhinagar,2013,C-47898,750,450,70,80,150,0,0,0,70,80,150
 GMERS Medical College  Gandhinagar,2014,C-47898,750,450,140,160,300,0,0,0,140,160,300
 GMERS Medical College  Gandhinagar,2015,C-47898,750,450,223,227,450,0,0,0,223,227,450
 GMERS Medical College  Gandhinagar,2016,C-47898,750,450,311,289,600,0,0,0,311,289,600
 GMERS Medical College  Gandhinagar,2017,C-47898,750,450,0,0,0,0,0,0,0,0,0
 GMERS Medical College  Gandhinagar,2018,C-47898,750,450,288,130,418,0,0,0,288,130,418
 T D Medical College  Alleppey (Allappuzha),2014,C-48101,650,595,4,75,79,0,0,0,12,145,157
 T D Medical College  Alleppey (Allappuzha),2015,C-48101,700,596,4,75,79,0,0,0,12,145,157
 T D Medical College  Alleppey (Allappuzha),2016,C-48101,750,601,4,79,83,0,0,0,12,149,161
 T D Medical College  Alleppey (Allappuzha),2017,C-48101,750,616,6,77,83,0,0,0,12,145,157
 Azeezia Instt of Medical Science Meeyannoor Kollam,2016,C-48104,500,329,215,385,600,8,4,12,223,389,612
 Azeezia Instt of Medical Science Meeyannoor Kollam,2017,C-48104,500,342,188,312,500,15,9,24,203,321,524
 Azeezia Instt of Medical Science Meeyannoor Kollam,2018,C-48104,500,348,182,318,500,23,15,38,205,333,538
 Travancore Medical College  Kollam,2017,C-48108,500,312,34,66,100,2,3,5,36,69,105
 Travancore Medical College  Kollam,2018,C-48108,500,318,169,331,500,3,7,10,172,338,510
 Medical College  Thiruvananthapuram,2017,C-48124,1000,1273,508,491,999,0,0,0,508,491,999
 Medical College  Thiruvananthapuram,2018,C-48124,1000,1381,1000,0,1000,0,0,0,1000,0,1000
 Sree Gokulam Medical College  Trust & Research Foundation  Trivandrum,2016,C-48136,350,352,258,492,750,35,52,87,296,552,848
 Sree Gokulam Medical College  Trust & Research Foundation  Trivandrum,2017,C-48136,450,452,246,504,750,29,58,87,278,572,850
 Sree Gokulam Medical College  Trust & Research Foundation  Trivandrum,2018,C-48136,550,559,254,496,750,30,56,86,287,563,850
 Sree Uthradom Thiurnal Academy of Medical Sciences Trivandrum,2016,C-48141,500,300,165,335,500,0,0,0,165,335,500
 Sree Uthradom Thiurnal Academy of Medical Sciences Trivandrum,2017,C-48141,500,300,168,332,500,0,0,0,168,332,500
 Sree Uthradom Thiurnal Academy of Medical Sciences Trivandrum,2018,C-48141,500,300,168,332,500,0,0,0,168,332,500
 Chirayu Medical College and Hospital  Bairagarh Bhopal,2014,C-48204,700,450,112,140,252,0,0,0,112,140,252
 Chirayu Medical College and Hospital  Bairagarh Bhopal,2015,C-48204,750,462,76,74,150,0,0,0,76,74,150
 Chirayu Medical College and Hospital  Bairagarh Bhopal,2016,C-48204,750,480,78,72,150,0,0,0,78,72,150
 Chirayu Medical College and Hospital  Bairagarh Bhopal,2017,C-48204,750,498,373,408,781,3,0,3,376,408,784
 Chirayu Medical College and Hospital  Bairagarh Bhopal,2018,C-48204,750,504,453,452,905,2,3,5,455,455,910
 L.N. Medical College and Research Centre Bhopal,2013,C-48212,750,487,160,139,299,0,0,0,160,139,299
 L.N. Medical College and Research Centre Bhopal,2014,C-48212,750,497,354,405,759,0,0,0,354,405,759
 L.N. Medical College and Research Centre Bhopal,2015,C-48212,750,507,390,503,893,0,0,0,390,503,893
 L.N. Medical College and Research Centre Bhopal,2016,C-48212,750,507,387,520,907,0,0,0,387,520,907
 L.N. Medical College and Research Centre Bhopal,2017,C-48212,750,544,372,374,746,0,0,0,372,374,746
 L.N. Medical College and Research Centre Bhopal,2018,C-48212,750,589,374,370,744,11,19,30,385,389,774
 BPS Government Medical College for Women  Sonepat,2013,C-48368,650,410,0,100,100,0,0,0,0,100,100
 BPS Government Medical College for Women  Sonepat,2014,C-48368,600,300,0,77,77,0,0,0,0,77,77
 BPS Government Medical College for Women  Sonepat,2015,C-48368,550,300,0,300,300,0,0,0,0,300,300
 BPS Government Medical College for Women  Sonepat,2016,C-48368,500,327,0,400,400,0,0,0,0,400,400
 BPS Government Medical College for Women  Sonepat,2017,C-48368,500,354,0,400,400,0,0,0,0,400,400
 BPS Government Medical College for Women  Sonepat,2018,C-48368,500,381,0,500,500,0,0,0,0,500,500
 Mallareddy Medical College for Womens  Hyderabad,2017,C-48681,0,0,0,427,427,0,0,0,0,427,427
 Mallareddy Medical College for Womens  Hyderabad,2018,C-48681,0,0,0,427,427,0,0,0,0,427,427
 Shaheed Hasan Khan Mewati Government Medical College  Nalhar,2016,C-48776,500,300,255,44,299,0,0,0,255,44,299
 Shaheed Hasan Khan Mewati Government Medical College  Nalhar,2017,C-48776,500,309,354,60,414,0,0,0,354,60,414
 Shaheed Hasan Khan Mewati Government Medical College  Nalhar,2018,C-48776,500,333,426,96,522,0,0,0,426,96,522
 M. V. Hospital for Diabetes & Diabetes Research Centre  Chennai,2015,C-49000,350,349,0,0,0,5,4,9,5,4,9
 M. V. Hospital for Diabetes & Diabetes Research Centre  Chennai,2016,C-49000,275,176,0,0,0,3,4,7,3,4,7
 M. V. Hospital for Diabetes & Diabetes Research Centre  Chennai,2017,C-49000,200,0,0,0,0,4,4,8,4,4,8
 M. V. Hospital for Diabetes & Diabetes Research Centre  Chennai,2018,C-49000,100,0,2,3,5,0,0,0,2,3,5
 Madras Medical College  Chennai,2014,C-49008,330,1178,48,133,181,0,0,0,48,133,181
 Madras Medical College  Chennai,2015,C-49008,495,1398,48,133,181,0,0,0,48,133,181
 Madras Medical College  Chennai,2016,C-49008,660,1428,47,128,175,0,0,0,47,128,175
 Madras Medical College  Chennai,2017,C-49008,910,1540,58,129,187,0,0,0,58,129,187
 Madras Medical College  Chennai,2018,C-49008,995,1661,60,141,201,0,0,0,60,141,201
 PSG Institute of Medical Sciences  Coimbatore,2014,C-49036,750,597,37,47,84,0,0,0,37,47,84
 PSG Institute of Medical Sciences  Coimbatore,2015,C-49036,750,610,52,63,115,0,0,0,52,63,115
 PSG Institute of Medical Sciences  Coimbatore,2016,C-49036,750,622,51,60,111,0,0,0,51,60,111
 PSG Institute of Medical Sciences  Coimbatore,2017,C-49036,750,630,56,103,159,0,0,0,56,103,159
 PSG Institute of Medical Sciences  Coimbatore,2018,C-49036,750,638,56,101,157,0,0,0,56,101,157
 Christian Medical College  Vellore,2014,C-49094,120,607,161,216,377,0,0,0,161,216,377
 Christian Medical College  Vellore,2015,C-49094,180,718,147,251,398,0,0,0,147,251,398
 Christian Medical College  Vellore,2016,C-49094,240,774,115,210,325,0,0,0,115,210,325
 Christian Medical College  Vellore,2017,C-49094,340,875,117,203,320,0,0,0,117,203,320
 Christian Medical College  Vellore,2018,C-49094,380,941,110,207,317,0,0,0,110,207,317
 Surat Municipal Institute of  Medical Education & Research  Surat,2012,C-493,750,564,317,349,666,66,38,104,386,388,774
 Surat Municipal Institute of  Medical Education & Research  Surat,2013,C-493,750,582,326,313,639,83,42,125,410,357,767
 Surat Municipal Institute of  Medical Education & Research  Surat,2014,C-493,750,605,317,380,697,74,57,131,391,440,831
 Surat Municipal Institute of  Medical Education & Research  Surat,2015,C-493,750,635,337,407,744,68,64,132,406,473,879
 Surat Municipal Institute of  Medical Education & Research  Surat,2016,C-493,750,669,318,447,765,66,70,136,386,518,904
 Surat Municipal Institute of  Medical Education & Research  Surat,2017,C-493,750,723,339,409,748,144,71,215,483,482,965
 Surat Municipal Institute of  Medical Education & Research  Surat,2018,C-493,750,763,346,402,748,104,110,214,450,514,964
 Ashwini Rural Medical College  Hospital & Research Centre  Solapur,2013,C-49461,200,200,97,38,135,0,0,0,97,38,135
 Ashwini Rural Medical College  Hospital & Research Centre  Solapur,2014,C-49461,300,300,80,74,154,0,0,0,80,74,154
 Ashwini Rural Medical College  Hospital & Research Centre  Solapur,2017,C-49461,500,300,243,256,499,0,0,0,243,256,499
 Ashwini Rural Medical College  Hospital & Research Centre  Solapur,2018,C-49461,500,300,243,253,496,0,0,0,243,253,496
 Vardhman Institute of Medical Sciences  Pawapuri  Nalanda,2014,C-49564,500,300,75,20,95,0,0,0,75,20,95
 Vardhman Institute of Medical Sciences  Pawapuri  Nalanda,2015,C-49564,500,300,143,48,191,0,0,0,143,48,191
 Vardhman Institute of Medical Sciences  Pawapuri  Nalanda,2016,C-49564,500,300,213,75,288,0,0,0,213,75,288
 Vardhman Institute of Medical Sciences  Pawapuri  Nalanda,2017,C-49564,500,300,104,184,288,0,0,0,104,184,288
 Vardhman Institute of Medical Sciences  Pawapuri  Nalanda,2018,C-49564,500,300,333,138,471,0,0,0,333,138,471
 Government Medical College  Ernakulam,2015,C-49794,500,322,172,326,498,4,7,11,176,333,509
 Government Medical College  Ernakulam,2016,C-49794,500,333,181,319,500,11,11,22,192,330,522
 Government Medical College  Ernakulam,2017,C-49794,500,333,184,316,500,16,16,32,200,332,532
 Government Medical College  Ernakulam,2018,C-49794,500,333,179,321,500,15,18,33,194,339,533
 SMBT Institute of Medical Sciences & Research Centre  Nandihills  Nashik,2015,C-50714,480,360,93,57,150,0,0,0,93,57,150
 SMBT Institute of Medical Sciences & Research Centre  Nandihills  Nashik,2016,C-50714,570,450,154,119,273,0,0,0,154,119,273
 SMBT Institute of Medical Sciences & Research Centre  Nandihills  Nashik,2017,C-50714,660,450,243,196,439,0,0,0,243,196,439
 SMBT Institute of Medical Sciences & Research Centre  Nandihills  Nashik,2018,C-50714,750,450,333,261,594,0,0,0,333,261,594
 Chandulal Chandrakar Memorial Medical College  Durg,2014,C-50869,600,400,79,71,150,0,0,0,79,71,150
 Chandulal Chandrakar Memorial Medical College  Durg,2015,C-50869,650,450,216,216,432,0,0,0,216,216,432
 Chandulal Chandrakar Memorial Medical College  Durg,2016,C-50869,700,450,196,225,421,0,0,0,196,225,421
 Chandulal Chandrakar Memorial Medical College  Durg,2017,C-50869,750,450,249,261,510,0,0,0,249,261,510
 Chandulal Chandrakar Memorial Medical College  Durg,2018,C-50869,750,450,321,338,659,0,0,0,321,338,659
 Mayo Institute of Medical Sciences  Barabanki,2015,C-50896,700,450,58,45,103,0,0,0,58,45,103
 Mayo Institute of Medical Sciences  Barabanki,2016,C-50896,750,450,58,45,103,0,0,0,58,45,103
 Mayo Institute of Medical Sciences  Barabanki,2017,C-50896,750,450,54,66,120,0,0,0,54,66,120
 Mayo Institute of Medical Sciences  Barabanki,2018,C-50896,750,450,66,84,150,0,0,0,66,84,150
 RUHS College of Medical Sciences  Jaipur,2017,C-51045,550,300,153,147,300,0,0,0,153,147,300
 Al-Azhar Medical College and Super Speciality Hospital  Thodupuzha,2015,C-51350,450,150,56,93,149,0,0,0,56,93,149
 Al-Azhar Medical College and Super Speciality Hospital  Thodupuzha,2016,C-51350,300,0,54,96,150,0,0,0,54,96,150
 Al-Azhar Medical College and Super Speciality Hospital  Thodupuzha,2017,C-51350,150,0,54,96,150,0,0,0,54,96,150
 Al-Azhar Medical College and Super Speciality Hospital  Thodupuzha,2018,C-51350,0,0,43,107,150,0,0,0,43,107,150
 Rajshree Medical Research Institute  Bareilly,2015,C-51449,300,300,87,63,150,0,0,0,87,63,150
 Rajshree Medical Research Institute  Bareilly,2016,C-51449,450,450,87,63,150,0,0,0,87,63,150
 Rajshree Medical Research Institute  Bareilly,2017,C-51449,600,450,87,63,150,0,0,0,87,63,150
 Gulbarga Institute of Medical Sciences  Gulbarga,2015,C-51531,750,450,28,60,88,0,0,0,28,60,88
 Gulbarga Institute of Medical Sciences  Gulbarga,2016,C-51531,750,450,28,60,88,0,0,0,28,60,88
 Gulbarga Institute of Medical Sciences  Gulbarga,2017,C-51531,750,450,70,101,171,0,0,0,70,101,171
 Gulbarga Institute of Medical Sciences  Gulbarga,2018,C-51531,750,450,242,208,450,0,0,0,242,208,450
 Koppal Institute of Medical Sciences  Koppal,2015,C-51561,750,450,0,0,0,0,0,0,0,0,0
 Koppal Institute of Medical Sciences  Koppal,2016,C-51561,750,450,80,58,138,0,0,0,80,58,138
 Koppal Institute of Medical Sciences  Koppal,2017,C-51561,750,450,145,141,286,0,0,0,145,141,286
 Koppal Institute of Medical Sciences  Koppal,2018,C-51561,750,450,218,218,436,0,0,0,218,218,436
 GMERS Medical College  Hadiyol  Himmatnagar,2015,C-51884,750,450,79,81,160,0,0,0,79,81,160
 GMERS Medical College  Hadiyol  Himmatnagar,2016,C-51884,750,450,0,0,0,0,0,0,0,0,0
 GMERS Medical College  Hadiyol  Himmatnagar,2017,C-51884,750,450,164,136,300,0,0,0,164,136,300
 GMERS Medical College  Hadiyol  Himmatnagar,2018,C-51884,750,450,252,198,450,0,0,0,252,198,450
 GMERS Medical College  Junagadh,2016,C-51933,750,450,87,63,150,0,0,0,87,63,150
 GMERS Medical College  Junagadh,2017,C-51933,750,450,159,141,300,0,0,0,159,141,300
 GMERS Medical College  Junagadh,2018,C-51933,750,450,259,191,450,0,0,0,259,191,450
 Government Medical College  Yakkara  Palakkad,2016,C-52001,500,300,42,158,200,0,0,0,42,158,200
 Government Medical College  Yakkara  Palakkad,2017,C-52001,500,300,109,191,300,0,0,0,109,191,300
 Government Medical College  Yakkara  Palakkad,2018,C-52001,500,300,28,72,100,0,0,0,28,72,100
 ACSR Government Medical College Nellore,2015,C-52006,600,400,57,93,150,0,0,0,57,93,150
 ACSR Government Medical College Nellore,2016,C-52006,650,450,121,179,300,0,0,0,121,179,300
 ACSR Government Medical College Nellore,2017,C-52006,700,450,195,252,447,0,0,0,195,252,447
 ACSR Government Medical College Nellore,2018,C-52006,750,450,272,325,597,0,0,0,272,325,597
 Maharani Laxmi Bai Medical College  Jhansi,2015,C-52206,200,259,280,169,449,75,42,117,379,216,595
 Maharani Laxmi Bai Medical College  Jhansi,2016,C-52206,300,325,300,198,498,79,40,119,400,248,648
 Maharani Laxmi Bai Medical College  Jhansi,2017,C-52206,350,401,279,215,494,85,39,124,385,265,650
 Hi-Tech Medical College & Hospital  Rourkela,2015,C-52236,100,0,148,151,299,0,0,0,148,151,299
 Hi-Tech Medical College & Hospital  Rourkela,2016,C-52236,0,0,205,194,399,0,0,0,205,194,399
 Hi-Tech Medical College & Hospital  Rourkela,2018,C-52236,0,0,207,192,399,0,0,0,207,192,399
 Shridevi Institute of Medical Sciences & Research Hospital  Tumkur,2015,C-52337,450,450,101,126,227,0,0,0,101,126,227
 Shridevi Institute of Medical Sciences & Research Hospital  Tumkur,2016,C-52337,600,450,153,206,359,0,0,0,153,206,359
 Shridevi Institute of Medical Sciences & Research Hospital  Tumkur,2017,C-52337,750,450,128,145,273,0,0,0,128,145,273
 Shridevi Institute of Medical Sciences & Research Hospital  Tumkur,2018,C-52337,750,450,259,304,563,0,0,0,259,304,563
 Institute of Mental Health and Hospital  Agra,2015,C-52358,0,6,0,0,0,7,1,8,7,1,8
 Institute of Mental Health and Hospital  Agra,2016,C-52358,0,6,0,0,0,5,1,6,8,8,16
 Government Medical College  Chandrapur,2018,C-52455,500,300,153,140,293,0,0,0,153,140,293
 Regional Instt. of Opthalmology Previously Known asNehru Instt.of Opthalmo  Sitapur,2015,C-52524,0,0,0,0,0,0,0,0,17,4,21
 Regional Instt. of Opthalmology Previously Known asNehru Instt.of Opthalmo  Sitapur,2016,C-52524,0,0,0,0,0,0,0,0,7,9,16
 Regional Instt. of Opthalmology Previously Known asNehru Instt.of Opthalmo  Sitapur,2017,C-52524,0,0,0,0,0,0,0,0,1,12,13
 Dr. Ram Manohar Lohia Institute of Medical Sciences Lucknow,2015,C-52731,0,44,0,0,0,8,5,13,11,5,16
 Dr. Ram Manohar Lohia Institute of Medical Sciences Lucknow,2016,C-52731,0,61,0,0,0,15,3,18,29,34,63
 Dr. Ram Manohar Lohia Institute of Medical Sciences Lucknow,2017,C-52731,150,235,0,0,0,37,14,51,53,44,97
 Dr. Ram Manohar Lohia Institute of Medical Sciences Lucknow,2018,C-52731,300,406,0,0,0,46,19,65,66,51,117
 Career Instt. Of Medical Sciences & Hospital  Lucknow,2015,C-52818,500,300,195,105,300,0,0,0,195,105,300
 Career Instt. Of Medical Sciences & Hospital  Lucknow,2016,C-52818,500,300,195,105,300,0,0,0,195,105,300
 Career Instt. Of Medical Sciences & Hospital  Lucknow,2017,C-52818,500,300,195,105,300,0,0,0,195,105,300
 Career Instt. Of Medical Sciences & Hospital  Lucknow,2018,C-52818,500,322,133,67,200,0,0,0,133,67,200
 Mahamaya Rajkiya Allopathic Medical College  Ambedkarnagar,2016,C-53151,500,300,334,137,471,0,0,0,334,137,471
 Mahamaya Rajkiya Allopathic Medical College  Ambedkarnagar,2017,C-53151,500,300,329,163,492,0,0,0,329,163,492
 Mahamaya Rajkiya Allopathic Medical College  Ambedkarnagar,2018,C-53151,500,300,317,183,500,0,0,0,317,183,500
 Velammal Medical College Hospital and Research Institute  Madurai,2015,C-53186,650,450,62,86,148,0,0,0,62,86,148
 Velammal Medical College Hospital and Research Institute  Madurai,2016,C-53186,700,450,59,91,150,0,0,0,59,91,150
 Velammal Medical College Hospital and Research Institute  Madurai,2017,C-53186,750,450,69,81,150,0,0,0,69,81,150
 Velammal Medical College Hospital and Research Institute  Madurai,2018,C-53186,750,450,300,447,747,0,0,0,300,447,747
 Sapthagiri Institute of Medical Sciences & Research Centre  Bangalore,2015,C-53296,750,463,0,0,0,0,0,0,0,0,0
 Sapthagiri Institute of Medical Sciences & Research Centre  Bangalore,2016,C-53296,750,476,59,87,146,0,0,0,59,87,146
 Sapthagiri Institute of Medical Sciences & Research Centre  Bangalore,2017,C-53296,750,491,54,81,135,0,0,0,54,81,135
 Sapthagiri Institute of Medical Sciences & Research Centre  Bangalore,2018,C-53296,750,493,390,660,1050,0,0,0,390,660,1050
 The Oxford Medical College  Hospital & Research Centre  Bangalore,2015,C-53597,750,450,71,79,150,0,0,0,71,79,150
 The Oxford Medical College  Hospital & Research Centre  Bangalore,2016,C-53597,750,450,0,0,0,0,0,0,0,0,0
 The Oxford Medical College  Hospital & Research Centre  Bangalore,2017,C-53597,750,450,131,168,299,0,0,0,131,168,299
 The Oxford Medical College  Hospital & Research Centre  Bangalore,2018,C-53597,750,450,201,248,449,0,0,0,201,248,449
 Government Medical College  Kota,2015,C-54352,400,467,82,67,149,0,0,0,82,67,149
 Government Medical College  Kota,2017,C-54352,600,618,424,323,747,0,0,0,424,323,747
 Government Medical College  Kota,2018,C-54352,650,746,429,319,748,0,0,0,429,319,748
 F.H. Medical College & Hospital  Etamdapur  Firozabad,2016,C-54870,750,450,201,99,300,0,0,0,201,99,300
 F.H. Medical College & Hospital  Etamdapur  Firozabad,2017,C-54870,750,450,222,141,363,0,0,0,222,141,363
 F.H. Medical College & Hospital  Etamdapur  Firozabad,2018,C-54870,750,450,300,214,514,0,0,0,300,214,514
 Regional Cancer Centre  Thiruvanthapuram,2016,C-55142,0,75,0,0,0,16,30,46,27,31,58
 Regional Cancer Centre  Thiruvanthapuram,2017,C-55142,0,78,0,0,0,16,33,49,24,35,59
 Regional Cancer Centre  Thiruvanthapuram,2018,C-55142,0,81,0,0,0,13,35,48,23,40,63
 DM Wayanad Institute of Medical Sciences  Wayanad  Kerala,2015,C-55143,200,0,90,210,300,0,0,0,90,210,300
 DM Wayanad Institute of Medical Sciences  Wayanad  Kerala,2016,C-55143,100,0,129,321,450,0,0,0,129,321,450
 DM Wayanad Institute of Medical Sciences  Wayanad  Kerala,2017,C-55143,0,0,188,412,600,0,0,0,188,412,600
 DM Wayanad Institute of Medical Sciences  Wayanad  Kerala,2018,C-55143,0,0,229,521,750,0,0,0,229,521,750
 P K Das Institute of Medical Sciences  Palakkad  Kerala,2016,C-55177,450,450,90,169,259,0,0,0,90,169,259
 P K Das Institute of Medical Sciences  Palakkad  Kerala,2017,C-55177,600,450,157,293,450,0,0,0,157,293,450
 P K Das Institute of Medical Sciences  Palakkad  Kerala,2018,C-55177,750,450,216,384,600,0,0,0,216,384,600
 Government Medical College  Painav  Idukki,2016,C-55343,200,0,32,68,100,0,0,0,32,68,100
 Government Medical College  Painav  Idukki,2017,C-55343,100,0,36,114,150,0,0,0,36,114,150
 Mount Zion Medical College  Chayalode  Ezhamkulam Adoor  Pathanamthitta,2016,C-55543,300,0,0,0,0,0,0,0,0,0,0
 Mount Zion Medical College  Chayalode  Ezhamkulam Adoor  Pathanamthitta,2018,C-55543,0,0,122,273,395,0,0,0,122,273,395
 Karwar Institute of Medical Sciences  Karwar,2017,C-55787,750,450,89,61,150,0,0,0,89,61,150
 Karwar Institute of Medical Sciences  Karwar,2018,C-55787,750,450,169,131,300,0,0,0,169,131,300
 Believers Church Medical College Hospital  Thiruvalla  Kerala,2018,C-55791,300,300,73,127,200,0,0,0,73,127,200
 Parul Institute of Medical Sciences & Research  Vadodara,2017,C-55827,750,450,81,69,150,0,0,0,81,69,150
 Parul Institute of Medical Sciences & Research  Vadodara,2018,C-55827,750,450,163,137,300,0,0,0,163,137,300
 H.B.T. Medical College & Dr. R.N. Cooper Municipal General Hospital  Juhu  Mumbai,2017,C-55887,650,450,165,135,300,0,0,0,165,135,300
 H.B.T. Medical College & Dr. R.N. Cooper Municipal General Hospital  Juhu  Mumbai,2018,C-55887,700,450,244,206,450,0,0,0,244,206,450
 Dr. Baba Saheb Ambedkar Medical College  Rohini  Delhi,2017,C-55888,500,300,62,36,98,0,0,0,62,36,98
 Dr. Baba Saheb Ambedkar Medical College  Rohini  Delhi,2018,C-55888,500,300,137,61,198,0,0,0,137,61,198
 Annaii Medical College and Hospital  Pennalur  Kanchipuram,2017,C-56084,450,150,52,94,146,0,0,0,52,94,146
 Annaii Medical College and Hospital  Pennalur  Kanchipuram,2018,C-56084,300,0,52,93,145,0,0,0,52,93,145
 Government Medical College  Omandurar,2017,C-56085,500,300,108,86,194,0,0,0,108,86,194
 Government Medical College  Omandurar,2018,C-56085,500,300,162,138,300,0,0,0,162,138,300
 Ponnaiyah Ramajayam Institute of Medical Sciences  Manamai-Nellur,2017,C-56095,0,0,0,0,0,0,0,0,0,0,0
 Ponnaiyah Ramajayam Institute of Medical Sciences  Manamai-Nellur,2018,C-56095,0,0,0,0,0,0,0,0,0,0,0
 Sridev Suman Subharti Medical College  Dehradun,2017,C-56397,750,450,65,85,150,0,0,0,65,85,150
 Employees State Insurance Corporation Medical College  Faridabad,2017,C-56398,600,300,109,88,197,0,0,0,109,88,197
 Employees State Insurance Corporation Medical College  Faridabad,2018,C-56398,550,300,178,120,298,0,0,0,178,120,298
 Veer Chandra Singh Garhwali Govt. Medical Sc. & Research Instt  Srinagar  Pauri Garhwal,2017,C-56564,500,324,47,53,100,0,0,0,47,53,100
 Veer Chandra Singh Garhwali Govt. Medical Sc. & Research Instt  Srinagar  Pauri Garhwal,2018,C-56564,500,324,47,53,100,0,0,0,47,53,100
 Akash Institute of Medical Sciences & Research Centre  Devanhalli  Bangalore  Karnataka,2017,C-56655,500,350,86,64,150,0,0,0,86,64,150
 Akash Institute of Medical Sciences & Research Centre  Devanhalli  Bangalore  Karnataka,2018,C-56655,600,450,145,155,300,0,0,0,145,155,300
 Kodagu Institute of Medical Sciences  Kodagu,2017,C-56696,750,450,79,71,150,0,0,0,84,72,156
 Kodagu Institute of Medical Sciences  Kodagu,2018,C-56696,750,450,162,137,299,0,0,0,200,190,390
 Doon Medical College  Dehradun  Uttarakhand,2017,C-56722,600,400,86,64,150,0,0,0,86,64,150
 Doon Medical College  Dehradun  Uttarakhand,2018,C-56722,650,450,38,138,176,0,0,0,38,138,176
 World College of Medical Sciences & Researc  Jhajjar  Haryana,2017,C-56802,0,0,83,67,150,0,0,0,83,67,150
 World College of Medical Sciences & Researc  Jhajjar  Haryana,2018,C-56802,0,0,83,65,148,0,0,0,83,65,148
 N.C. Medical College & Hospital  Panipat,2017,C-56803,300,100,70,80,150,0,0,0,70,80,150
 N.C. Medical College & Hospital  Panipat,2018,C-56803,200,0,70,80,150,0,0,0,70,80,150
 Employees State Insurance Corporation Medical College  Gulbarga,2017,C-56937,500,300,232,167,399,0,0,0,232,167,399
 Employees State Insurance Corporation Medical College  Gulbarga,2018,C-56937,500,300,280,218,498,0,0,0,280,218,498
 Nimra Institute of Medical Sciences  Krishna Dist.  A.P.,2017,C-57010,450,150,56,94,150,0,0,0,56,94,150
 Nimra Institute of Medical Sciences  Krishna Dist.  A.P.,2018,C-57010,300,0,60,90,150,0,0,0,60,90,150
 IQ-City Medical College  Burdwan,2017,C-57101,0,9,349,251,600,0,0,0,349,251,600
 IQ-City Medical College  Burdwan,2018,C-57101,0,30,369,381,750,0,0,0,369,381,750
 ICARE Institute of Medical Sciences & Research  Haldia  Purba Midanpore,2017,C-57119,500,308,224,176,400,0,0,0,224,176,400
 ICARE Institute of Medical Sciences & Research  Haldia  Purba Midanpore,2018,C-57119,500,316,255,209,464,1,0,1,256,209,465
 Raipur Institute of Medical Sciences (RIMS)  Raipur,2017,C-57221,150,50,57,93,150,0,0,0,57,93,150
 Raipur Institute of Medical Sciences (RIMS)  Raipur,2018,C-57221,100,0,57,92,149,0,0,0,57,92,149
 Malabar Medical College  Kozhikode Calicut,2018,C-57409,750,450,214,536,750,0,0,0,214,536,750
 Gadag Institute of Medical Sciences  Mallasamudra  Mulgund Road  Gadag,2018,C-57443,700,450,267,181,448,0,0,0,267,181,448
 Netaji Subhash Chandra Bose Medical College  Jabalpur,2017,C-57489,710,579,0,0,0,0,0,0,70,39,109
 Netaji Subhash Chandra Bose Medical College  Jabalpur,2018,C-57489,720,619,21,29,50,0,0,0,107,84,191
 GMERS Medical College  Vadnagar  Mehsana,2018,C-58068,750,450,90,60,150,0,0,0,90,60,150
 Government Medical College  Parippally  Kollam,2018,C-58110,200,200,46,54,100,0,0,0,46,54,100
 Government Medical College & ESIC Hospital  Coimbatore  TamilNadu,2018,C-58414,600,300,29,69,98,0,0,0,29,69,98
 East Point College of Medical Sciences & Research Centre  Bangalore,2018,C-58424,750,450,64,86,150,0,0,0,64,86,150
 Shri Lal Bahadur Shastri Government Medical College  Mandi  HP,2018,C-58468,500,300,41,59,100,0,0,0,41,59,100
 Employees State Insurance Coporation Medical College  Sanath Nagar  Hyderabad,2018,C-58477,500,300,59,141,200,0,0,0,59,141,200
 Viswabharathi Medical College  Kurnool,2018,C-58698,750,450,208,242,450,0,0,0,208,242,450
 Government Medical College  Nahan  Sirmour H.P.,2018,C-59010,300,300,79,91,170,0,0,0,79,91,170
 SVIMS - Sri Padmavathi Medical College for Women  Alipiri Road  Tirupati,2018,C-59062,750,450,48,746,794,47,61,108,150,834,984
 Sambhram Institute of Medical Sciences & Research  Kolar,2018,C-59261,300,0,60,87,147,0,0,0,60,87,147
 Adesh Medical College and Hospital  Shahabad  Kurukshetra  Haryana,2018,C-59564,750,450,72,78,150,0,0,0,72,78,150
 B J Medical College  Ahmedabad,2012,C-6051,1250,1176,123,127,250,435,256,691,598,413,1011
 B J Medical College  Ahmedabad,2013,C-6051,1250,1195,175,75,250,458,318,776,675,420,1095
 B J Medical College  Ahmedabad,2014,C-6051,1250,1293,167,83,250,497,307,804,706,415,1121
 B J Medical College  Ahmedabad,2015,C-6051,1250,1502,161,89,250,503,304,807,701,418,1119
 B J Medical College  Ahmedabad,2016,C-6051,1250,1702,1068,631,1699,540,313,853,1644,974,2618
 B J Medical College  Ahmedabad,2017,C-6051,1250,1839,1065,590,1655,572,322,894,1674,946,2620
 B J Medical College  Ahmedabad,2018,C-6051,1250,1873,1058,549,1607,509,318,827,1606,901,2507
 Smt. N.H.L.Municipal Medical College  Ahmedabad,2012,C-6108,0,474,86,64,150,139,55,194,225,119,344
 Smt. N.H.L.Municipal Medical College  Ahmedabad,2013,C-6108,0,474,343,235,578,366,204,570,709,439,1148
 Smt. N.H.L.Municipal Medical College  Ahmedabad,2014,C-6108,150,627,330,270,600,230,99,329,560,369,929
 Smt. N.H.L.Municipal Medical College  Ahmedabad,2015,C-6108,300,840,405,345,750,311,149,460,716,494,1210
 Smt. N.H.L.Municipal Medical College  Ahmedabad,2016,C-6108,450,1063,313,295,608,318,149,467,631,444,1075
 Smt. N.H.L.Municipal Medical College  Ahmedabad,2017,C-6108,600,1175,303,274,577,288,195,483,591,469,1060
 Smt. N.H.L.Municipal Medical College  Ahmedabad,2018,C-6108,850,1331,362,315,677,289,214,503,651,529,1180
 VP Chest Institute of Medical Sciences  Delhi,2012,C-6373,0,43,0,0,0,14,11,25,24,16,40
 VP Chest Institute of Medical Sciences  Delhi,2013,C-6373,0,45,0,0,0,12,10,22,23,15,38
 VP Chest Institute of Medical Sciences  Delhi,2014,C-6373,0,45,0,0,0,12,10,22,24,14,38
 VP Chest Institute of Medical Sciences  Delhi,2015,C-6373,0,46,0,0,0,15,7,22,27,10,37
 VP Chest Institute of Medical Sciences  Delhi,2016,C-6373,0,47,0,0,0,15,9,24,22,11,33
 VP Chest Institute of Medical Sciences  Delhi,2017,C-6373,0,48,0,0,0,14,9,23,16,9,25
 Maulana Azad Medical College  New Delhi,2012,C-6414,1250,1096,906,588,1494,210,216,426,1128,830,1958
 Maulana Azad Medical College  New Delhi,2013,C-6414,1250,1147,767,471,1238,212,192,404,994,687,1681
 Maulana Azad Medical College  New Delhi,2014,C-6414,1250,1210,795,513,1308,226,172,398,1041,706,1747
 Maulana Azad Medical College  New Delhi,2015,C-6414,1250,1263,826,551,1377,240,179,419,1090,750,1840
 Maulana Azad Medical College  New Delhi,2016,C-6414,1250,1316,902,575,1477,225,192,417,1150,788,1938
 Maulana Azad Medical College  New Delhi,2017,C-6414,1250,1365,902,575,1477,193,195,388,1106,788,1894
 University College of Medical Sciences & GTB Hospital  New Delhi,2012,C-6430,750,556,652,166,818,226,174,400,878,340,1218
 University College of Medical Sciences & GTB Hospital  New Delhi,2013,C-6430,750,564,594,149,743,201,173,374,816,322,1138
 University College of Medical Sciences & GTB Hospital  New Delhi,2014,C-6430,750,597,650,166,816,209,177,386,864,344,1208
 University College of Medical Sciences & GTB Hospital  New Delhi,2015,C-6430,750,723,634,146,780,211,160,371,850,307,1157
 University College of Medical Sciences & GTB Hospital  New Delhi,2016,C-6430,750,854,694,156,850,195,174,369,889,330,1219
 University College of Medical Sciences & GTB Hospital  New Delhi,2017,C-6430,750,975,673,158,831,183,169,352,856,327,1183
 University College of Medical Sciences & GTB Hospital  New Delhi,2018,C-6430,750,993,687,174,861,182,181,363,869,355,1224
 Sri Venkateswaraa Medical College  Hospital & Research Centre  Pondicherry,2013,C-6536,750,492,358,401,759,5,8,13,363,409,772
 Sri Venkateswaraa Medical College  Hospital & Research Centre  Pondicherry,2014,C-6536,750,525,361,388,749,7,16,23,368,404,772
 Sri Venkateswaraa Medical College  Hospital & Research Centre  Pondicherry,2015,C-6536,750,546,0,0,0,17,23,40,17,23,40
 Sri Venkateswaraa Medical College  Hospital & Research Centre  Pondicherry,2016,C-6536,750,571,352,398,750,22,21,43,374,419,793
 Sri Venkateswaraa Medical College  Hospital & Research Centre  Pondicherry,2017,C-6536,750,584,338,409,747,33,32,65,371,441,812
 Sri Venkateswaraa Medical College  Hospital & Research Centre  Pondicherry,2018,C-6536,750,588,339,408,747,34,39,73,373,447,820
 Pondicherry Institute of Medical Sciences & Research  Pondicherry,2012,C-6549,0,119,0,0,0,52,33,85,52,33,85
 Pondicherry Institute of Medical Sciences & Research  Pondicherry,2013,C-6549,100,229,230,270,500,72,40,112,302,310,612
 Pondicherry Institute of Medical Sciences & Research  Pondicherry,2014,C-6549,200,329,219,281,500,76,55,131,295,336,631
 Pondicherry Institute of Medical Sciences & Research  Pondicherry,2015,C-6549,300,429,243,276,519,70,54,124,313,330,643
 Pondicherry Institute of Medical Sciences & Research  Pondicherry,2016,C-6549,400,429,236,346,582,56,66,122,292,412,704
 Pondicherry Institute of Medical Sciences & Research  Pondicherry,2017,C-6549,550,479,0,0,0,52,55,107,52,55,107
 Pondicherry Institute of Medical Sciences & Research  Pondicherry,2018,C-6549,600,545,0,0,0,53,55,108,53,55,108
 Sri Manakula Vinayagar Medical College & Hospital  Pondicherry,2015,C-6550,750,630,72,78,150,25,13,38,97,91,188
 Sri Manakula Vinayagar Medical College & Hospital  Pondicherry,2016,C-6550,750,646,71,64,135,22,16,38,93,80,173
 Sri Manakula Vinayagar Medical College & Hospital  Pondicherry,2017,C-6550,750,664,68,82,150,29,26,55,97,108,205
 Sri Manakula Vinayagar Medical College & Hospital  Pondicherry,2018,C-6550,750,688,68,82,150,26,24,50,94,106,200
 Indira Gandhi Medical College & Research Institute  Puducherry,2012,C-6561,750,450,123,167,290,0,0,0,123,167,290
 Indira Gandhi Medical College & Research Institute  Puducherry,2013,C-6561,750,450,196,253,449,0,0,0,196,253,449
 Indira Gandhi Medical College & Research Institute  Puducherry,2014,C-6561,750,450,260,339,599,0,0,0,260,339,599
 Indira Gandhi Medical College & Research Institute  Puducherry,2015,C-6561,750,450,321,428,749,0,0,0,321,428,749
 Indira Gandhi Medical College & Research Institute  Puducherry,2016,C-6561,750,450,63,87,150,0,0,0,63,87,150
 Indira Gandhi Medical College & Research Institute  Puducherry,2017,C-6561,750,456,132,168,300,0,0,0,132,168,300
 Indira Gandhi Medical College & Research Institute  Puducherry,2018,C-6561,750,462,64,86,150,1,5,6,65,91,156
 Government Medical College  Surat,2012,C-690,750,627,522,418,940,154,73,227,688,501,1189
 Government Medical College  Surat,2013,C-690,750,634,361,353,714,180,68,248,554,433,987
 Government Medical College  Surat,2014,C-690,750,656,332,338,670,157,70,227,500,420,920
 Government Medical College  Surat,2015,C-690,750,716,381,353,734,152,75,227,547,439,986
 Government Medical College  Surat,2016,C-690,750,769,373,407,780,137,86,223,525,506,1031
 Government Medical College  Surat,2017,C-690,750,815,393,427,820,116,94,210,523,535,1058
 Government Medical College  Surat,2018,C-690,750,853,227,170,397,127,112,239,373,296,669
 Chettinad Hospital & Research Institute  Kanchipuram,2012,C-7049,750,502,240,408,648,49,52,101,291,461,752
 Chettinad Hospital & Research Institute  Kanchipuram,2013,C-7049,750,541,308,519,827,50,57,107,358,578,936
 Chettinad Hospital & Research Institute  Kanchipuram,2014,C-7049,750,578,391,635,1026,70,67,137,463,705,1168
 Chettinad Hospital & Research Institute  Kanchipuram,2015,C-7049,750,599,425,698,1123,78,84,162,503,787,1290
 Chettinad Hospital & Research Institute  Kanchipuram,2016,C-7049,750,608,439,775,1214,95,110,205,536,886,1422
 Chettinad Hospital & Research Institute  Kanchipuram,2017,C-7049,750,610,474,842,1316,100,125,225,574,977,1551
 Chettinad Hospital & Research Institute  Kanchipuram,2018,C-7049,750,624,518,925,1443,97,149,246,619,1087,1706
 Government Medical College  Bhavnagar,2012,C-7198,0,196,228,190,418,128,43,171,376,236,612
 Government Medical College  Bhavnagar,2013,C-7198,100,299,317,303,620,111,65,176,445,373,818
 Government Medical College  Bhavnagar,2014,C-7198,200,404,231,235,466,120,71,191,365,310,675
 Government Medical College  Bhavnagar,2015,C-7198,300,513,274,243,517,109,71,180,394,325,719
 Government Medical College  Bhavnagar,2016,C-7198,400,524,359,330,689,104,74,178,470,417,887
 Government Medical College  Bhavnagar,2017,C-7198,550,609,313,271,584,94,71,165,420,348,768
 Government Medical College  Bhavnagar,2018,C-7198,600,695,332,268,600,100,79,179,445,355,800
 Kasturba Medical College  Manipal,2012,C-7242,1250,1133,697,648,1345,314,260,574,1063,956,2019
 Kasturba Medical College  Manipal,2013,C-7242,1250,1141,680,662,1342,284,259,543,1015,975,1990
 Kasturba Medical College  Manipal,2014,C-7242,1250,1156,637,691,1328,312,257,569,1010,999,2009
 Kasturba Medical College  Manipal,2015,C-7242,1250,1190,641,703,1344,314,246,560,1021,994,2015
 Kasturba Medical College  Manipal,2016,C-7242,1250,1223,576,625,1201,306,252,558,963,913,1876
 Kasturba Medical College  Manipal,2017,C-7242,1250,1255,575,663,1238,272,266,538,932,991,1923
 Kasturba Medical College  Manipal,2018,C-7242,1250,1276,574,664,1238,224,217,441,853,931,1784
 Kasturba Medical College  Mangalore,2012,C-7251,1250,1085,632,726,1358,209,254,463,851,993,1844
 Kasturba Medical College  Mangalore,2013,C-7251,1250,1091,598,761,1359,219,223,442,834,993,1827
 Kasturba Medical College  Mangalore,2014,C-7251,1250,1096,605,786,1391,209,192,401,839,989,1828
 Kasturba Medical College  Mangalore,2015,C-7251,1250,1101,630,819,1449,188,186,374,843,1009,1852
 Kasturba Medical College  Mangalore,2016,C-7251,1250,1106,518,731,1249,179,188,367,710,926,1636
 Kasturba Medical College  Mangalore,2017,C-7251,1250,1110,676,1000,1676,166,204,370,850,1217,2067
 Kasturba Medical College  Mangalore,2018,C-7251,1250,1121,725,1036,1761,125,206,331,855,1253,2108
 MP Shah Medical College Jamnagar,2012,C-766,1000,803,680,375,1055,201,78,279,891,454,1345
 MP Shah Medical College Jamnagar,2013,C-766,1000,805,664,423,1087,208,86,294,889,513,1402
 MP Shah Medical College Jamnagar,2014,C-766,1000,801,558,369,927,207,108,315,783,485,1268
 MP Shah Medical College Jamnagar,2015,C-766,1000,877,548,379,927,203,111,314,764,499,1263
 MP Shah Medical College Jamnagar,2016,C-766,1000,952,613,355,968,164,105,269,789,467,1256
 MP Shah Medical College Jamnagar,2017,C-766,1000,1032,577,347,924,193,105,298,785,456,1241
 MP Shah Medical College Jamnagar,2018,C-766,1000,1033,449,275,724,172,110,282,632,394,1026
 Government Medical College  Kozhikode  Calicut,2014,C-8043,600,1006,15,65,80,7,33,40,33,187,220
 Government Medical College  Kozhikode  Calicut,2015,C-8043,800,1018,15,65,80,8,32,40,34,186,220
 Government Medical College  Kozhikode  Calicut,2016,C-8043,1050,1089,14,64,78,5,35,40,30,188,218
 M E S Medical College   Perintalmanna Malappuram Distt.Kerala,2016,C-8089,500,406,294,0,294,16,18,34,310,18,328
 M E S Medical College   Perintalmanna Malappuram Distt.Kerala,2017,C-8089,500,414,98,184,282,6,18,24,113,207,320
 M E S Medical College   Perintalmanna Malappuram Distt.Kerala,2018,C-8089,500,416,74,195,269,11,8,19,89,211,300
 KMCT Medical College Kozhikode  Calicut,2016,C-8250,500,306,154,346,500,1,2,3,155,348,503
 KMCT Medical College Kozhikode  Calicut,2017,C-8250,550,359,158,392,550,1,2,3,159,394,553
 KMCT Medical College Kozhikode  Calicut,2018,C-8250,600,409,188,412,600,3,2,5,191,414,605
 Assam Medial College  Dibrugarh,2015,C-8408,850,872,573,447,1020,220,93,313,841,548,1389
 Assam Medial College  Dibrugarh,2016,C-8408,850,887,569,451,1020,209,83,292,818,542,1360
 Assam Medial College  Dibrugarh,2017,C-8408,850,939,543,477,1020,189,89,278,756,576,1332
 Assam Medial College  Dibrugarh,2018,C-8408,850,997,565,455,1020,194,104,298,779,569,1348
 Yenepoya Medical College  Mangalore,2012,C-8526,750,637,223,327,550,85,49,134,311,379,690
 Yenepoya Medical College  Mangalore,2013,C-8526,750,653,303,397,700,97,59,156,401,462,863
 Yenepoya Medical College  Mangalore,2014,C-8526,750,669,286,364,650,111,72,183,400,438,838
 Yenepoya Medical College  Mangalore,2015,C-8526,750,690,306,385,691,117,80,197,426,470,896
 Yenepoya Medical College  Mangalore,2016,C-8526,750,711,345,405,750,124,94,218,471,501,972
 Yenepoya Medical College  Mangalore,2017,C-8526,750,720,442,494,936,136,136,272,593,648,1241
 Yenepoya Medical College  Mangalore,2018,C-8526,750,728,556,648,1204,132,153,285,716,836,1552
 Sikkim Manipal Institute of Medical Sciences  Gangtok,2012,C-8625,250,190,152,195,347,24,21,45,176,216,392
 Sikkim Manipal Institute of Medical Sciences  Gangtok,2013,C-8625,250,214,157,240,397,33,40,73,190,280,470
 Sikkim Manipal Institute of Medical Sciences  Gangtok,2014,C-8625,250,222,141,257,398,29,49,78,170,306,476
 Sikkim Manipal Institute of Medical Sciences  Gangtok,2015,C-8625,250,222,172,320,492,26,50,76,232,401,633
 Sikkim Manipal Institute of Medical Sciences  Gangtok,2016,C-8625,250,222,174,318,492,27,40,67,241,397,638
 Sikkim Manipal Institute of Medical Sciences  Gangtok,2017,C-8625,250,222,161,331,492,22,25,47,216,407,623
 Sikkim Manipal Institute of Medical Sciences  Gangtok,2018,C-8625,250,222,168,323,491,14,20,34,218,395,613
 Pandit Deendayal Upadhyay Medical College  Rajkot,2012,C-864,0,143,270,196,466,116,51,167,386,247,633
 Pandit Deendayal Upadhyay Medical College  Rajkot,2013,C-864,100,249,269,253,522,111,58,169,380,311,691
 Pandit Deendayal Upadhyay Medical College  Rajkot,2014,C-864,200,355,236,273,509,76,68,144,312,341,653
 Pandit Deendayal Upadhyay Medical College  Rajkot,2015,C-864,300,477,245,290,535,126,85,211,371,375,746
 Pandit Deendayal Upadhyay Medical College  Rajkot,2016,C-864,400,501,305,272,577,116,103,219,421,375,796
 Pandit Deendayal Upadhyay Medical College  Rajkot,2017,C-864,550,609,521,244,765,116,103,219,637,347,984
 Pandit Deendayal Upadhyay Medical College  Rajkot,2018,C-864,600,709,545,459,1004,136,91,227,681,550,1231
 Darbhanga Medical College  Lehriasarai,2013,C-8756,450,621,470,15,485,0,0,0,470,15,485
 Darbhanga Medical College  Lehriasarai,2014,C-8756,450,621,470,15,485,0,0,0,470,15,485
 Darbhanga Medical College  Lehriasarai,2015,C-8756,450,621,471,15,486,0,0,0,471,15,486
 Darbhanga Medical College  Lehriasarai,2016,C-8756,450,624,471,15,486,0,0,0,471,15,486
 Darbhanga Medical College  Lehriasarai,2017,C-8756,460,655,445,44,489,0,0,0,445,44,489
 Darbhanga Medical College  Lehriasarai,2018,C-8756,470,699,445,44,489,0,0,0,445,44,489
 Jawaharlal Nehru Institute of Medical Sciences Porompet Imphal,2014,C-9403,500,300,34,66,100,0,0,0,34,66,100
 Jawaharlal Nehru Institute of Medical Sciences Porompet Imphal,2015,C-9403,500,308,250,247,497,0,0,0,250,247,497
 Regional Institute of Medical Sciences  Imphal,2012,C-9435,500,696,6,119,125,127,115,242,137,242,379
 Regional Institute of Medical Sciences  Imphal,2013,C-9435,500,696,289,337,626,196,139,335,488,489,977
 Regional Institute of Medical Sciences  Imphal,2014,C-9435,500,703,289,418,707,285,131,416,577,564,1141
 Regional Institute of Medical Sciences  Imphal,2017,C-9435,500,786,207,176,383,241,124,365,450,304,754
 Regional Institute of Medical Sciences  Imphal,2018,C-9435,500,796,211,202,413,239,140,379,451,352,803
 Tripura Medical College and Dr. B R A M Teaching Hospital  Agartala,2012,C-9581,500,300,188,208,396,3,2,5,191,210,401
 Tripura Medical College and Dr. B R A M Teaching Hospital  Agartala,2013,C-9581,500,305,202,197,399,3,2,5,205,199,404
 Tripura Medical College and Dr. B R A M Teaching Hospital  Agartala,2014,C-9581,500,310,251,248,499,5,4,9,256,252,508
 Tripura Medical College and Dr. B R A M Teaching Hospital  Agartala,2015,C-9581,500,315,201,197,398,8,6,14,209,203,412
 Tripura Medical College and Dr. B R A M Teaching Hospital  Agartala,2016,C-9581,500,315,4,1,5,3,5,8,7,6,13
 Tripura Medical College and Dr. B R A M Teaching Hospital  Agartala,2017,C-9581,500,315,0,0,0,7,6,13,7,6,13
 Tripura Medical College and Dr. B R A M Teaching Hospital  Agartala,2018,C-9581,500,315,264,221,485,7,7,14,271,228,499
 Agartala Government Medical College Agartala,2012,C-9587,500,348,299,199,498,15,2,17,314,201,515
 Agartala Government Medical College Agartala,2013,C-9587,500,377,308,190,498,31,4,35,339,194,533
 Agartala Government Medical College Agartala,2014,C-9587,500,387,304,194,498,60,7,67,364,201,565
 Agartala Government Medical College Agartala,2015,C-9587,500,387,298,202,500,63,10,73,361,212,573
 Agartala Government Medical College Agartala,2016,C-9587,500,387,293,206,499,59,15,74,352,221,573
 Agartala Government Medical College Agartala,2017,C-9587,500,387,293,204,497,47,20,67,340,224,564
 Agartala Government Medical College Agartala,2018,C-9587,500,387,301,196,497,48,23,71,349,219,568
 Rural Medical College  Loni,2012,C-9767,625,494,437,361,798,78,36,114,541,417,958
 Rural Medical College  Loni,2013,C-9767,625,500,377,374,751,103,31,134,503,424,927
 Rural Medical College  Loni,2014,C-9767,625,509,362,314,676,108,29,137,490,358,848
 Rural Medical College  Loni,2015,C-9767,625,516,355,381,736,103,35,138,479,432,911
 Rural Medical College  Loni,2016,C-9767,625,521,363,406,769,92,43,135,477,465,942
 Rural Medical College  Loni,2017,C-9767,625,522,378,430,808,92,47,139,511,512,1023
 Rural Medical College  Loni,2018,C-9767,700,618,443,454,897,79,56,135,561,550,1111
 Anugrah Narayan Magadh Medical College  Gaya,2012,S-3713,250,168,0,0,0,0,0,0,0,124,124
 Anugrah Narayan Magadh Medical College  Gaya,2013,S-3713,250,178,0,0,0,0,0,0,0,137,137
 Anugrah Narayan Magadh Medical College  Gaya,2014,S-3713,250,180,0,0,0,0,0,0,0,105,105
 Anugrah Narayan Magadh Medical College  Gaya,2017,S-3713,300,230,0,0,0,0,0,0,0,130,130
 Anugrah Narayan Magadh Medical College  Gaya,2018,S-3713,350,288,0,0,0,0,0,0,0,128,128
 Hindu Rao Hospital  Delhi,2016,S-3740,0,0,0,0,0,0,0,0,0,101,101
 Hindu Rao Hospital  Delhi,2017,S-3740,0,0,0,0,0,0,0,0,0,75,75
 Hindu Rao Hospital  Delhi,2018,S-3740,0,0,0,0,0,0,0,0,0,76,76
 Kasturba Hospital  New Delhi,2012,S-3742,0,18,0,0,0,0,0,0,0,90,90
 Kasturba Hospital  New Delhi,2013,S-3742,0,18,0,0,0,0,0,0,0,90,90
 Kasturba Hospital  New Delhi,2014,S-3742,0,18,0,0,0,0,0,0,0,94,94
 Kasturba Hospital  New Delhi,2015,S-3742,0,18,0,0,0,0,0,0,0,25,25
 Kasturba Hospital  New Delhi,2016,S-3742,0,24,0,0,0,0,0,0,0,25,25
 Kasturba Hospital  New Delhi,2017,S-3742,0,34,0,0,0,0,0,0,0,25,25
 Kasturba Hospital  New Delhi,2018,S-3742,0,44,0,0,0,0,0,0,0,25,25
 SCB Medical College  Cuttack,2017,S-4881,850,1347,0,0,0,0,0,0,28,253,281
 SCB Medical College  Cuttack,2018,S-4881,950,1480,0,0,0,0,0,0,29,255,284
 Era Lucknow  Medical College   Lucknow,2013,S-5405,200,347,0,0,0,0,0,0,3,245,248
 Era Lucknow  Medical College   Lucknow,2014,S-5405,300,463,0,0,0,0,0,0,3,295,298
 Era Lucknow  Medical College   Lucknow,2015,S-5405,400,480,21,81,102,0,0,0,25,428,453
 Era Lucknow  Medical College   Lucknow,2016,S-5405,550,547,31,102,133,0,0,0,38,454,492
 Era Lucknow  Medical College   Lucknow,2017,S-5405,600,607,36,96,132,0,0,0,44,444,488
 Jawaharlal Nehru Medical College  Aligarh,2018,S-5425,750,932,0,0,0,0,0,0,3,38,41
 Nilratan Sircar Medical College  Kolkata,2015,S-5534,1250,1110,0,0,0,0,0,0,0,300,300
 Nilratan Sircar Medical College  Kolkata,2016,S-5534,1250,1112,0,0,0,0,0,0,0,300,300
 Nilratan Sircar Medical College  Kolkata,2017,S-5534,1250,1148,0,0,0,0,0,0,0,300,300
 Nilratan Sircar Medical College  Kolkata,2018,S-5534,1250,1188,0,0,0,0,0,0,0,203,203
 North Bengal Medical College  Darjeeling,2015,S-5535,300,468,0,0,0,0,0,0,0,200,200
 North Bengal Medical College  Darjeeling,2016,S-5535,400,474,0,0,0,0,0,0,0,200,200
 North Bengal Medical College  Darjeeling,2017,S-5535,550,549,0,0,0,0,0,0,0,101,101
 North Bengal Medical College  Darjeeling,2018,S-5535,550,578,0,0,0,0,0,0,0,150,150
 Sri Venkateswara Institute of Medical Sciences (SVIMS)   Tirupati,2012,U-0036,0,94,147,488,635,99,155,254,283,659,942
 Sri Venkateswara Institute of Medical Sciences (SVIMS)   Tirupati,2013,U-0036,0,99,152,525,677,88,149,237,285,697,982
 Sri Venkateswara Institute of Medical Sciences (SVIMS)   Tirupati,2014,U-0036,0,107,162,523,685,71,124,195,321,682,1003
 Sri Venkateswara Institute of Medical Sciences (SVIMS)   Tirupati,2015,U-0036,0,117,161,679,840,58,111,169,303,815,1118
 Sri Venkateswara Institute of Medical Sciences (SVIMS)   Tirupati,2016,U-0036,0,131,190,894,1084,77,136,213,304,1055,1359
 Sri Venkateswara Institute of Medical Sciences (SVIMS)   Tirupati,2017,U-0036,0,155,182,1066,1248,71,137,208,337,1232,1569
 Sri Venkateswara Institute of Medical Sciences (SVIMS)   Tirupati,2018,U-0036,0,178,0,0,0,8,22,30,9,24,33
 Indira Gandhi Institute of Medical Sciences Sheikhpura  Patna,2012,U-0065,300,221,120,190,310,24,3,27,308,449,757
 Indira Gandhi Institute of Medical Sciences Sheikhpura  Patna,2013,U-0065,300,331,170,165,335,30,3,33,356,428,784
 Indira Gandhi Institute of Medical Sciences Sheikhpura  Patna,2014,U-0065,400,332,170,165,335,30,3,33,288,462,750
 Indira Gandhi Institute of Medical Sciences Sheikhpura  Patna,2015,U-0065,500,333,90,205,295,36,0,36,558,207,765
 Indira Gandhi Institute of Medical Sciences Sheikhpura  Patna,2016,U-0065,500,338,136,132,268,24,4,28,240,451,691
 Indira Gandhi Institute of Medical Sciences Sheikhpura  Patna,2017,U-0065,500,362,302,194,496,0,2,2,308,197,505
 Indira Gandhi Institute of Medical Sciences Sheikhpura  Patna,2018,U-0065,500,397,318,408,726,47,1,48,373,560,933
 Postgraduate Institute of Medical Education & Research  Chandigarh,2013,U-0079,0,51,0,0,0,506,139,645,798,273,1071
 Postgraduate Institute of Medical Education & Research  Chandigarh,2014,U-0079,0,51,90,0,90,478,180,658,750,276,1026
 Postgraduate Institute of Medical Education & Research  Chandigarh,2015,U-0079,0,494,79,0,79,467,228,695,640,261,901
 Postgraduate Institute of Medical Education & Research  Chandigarh,2016,U-0079,0,937,0,0,0,404,185,589,409,186,595
 Postgraduate Institute of Medical Education & Research  Chandigarh,2017,U-0079,0,1380,2,129,131,423,326,749,669,584,1253
 Postgraduate Institute of Medical Education & Research  Chandigarh,2018,U-0079,0,1380,85,47,132,426,257,683,739,468,1207
 All India Institute of Medical Sciences  New Delhi,2012,U-0096,250,4329,291,374,665,619,277,896,985,698,1683
 All India Institute of Medical Sciences  New Delhi,2013,U-0096,250,4329,568,491,1059,738,311,1049,1464,883,2347
 All India Institute of Medical Sciences  New Delhi,2014,U-0096,250,4329,571,758,1329,601,289,890,1515,1225,2740
 Institute of Liver and Biliary Sciences  New Delhi,2012,U-0106,0,15,0,0,0,0,0,0,15,4,19
 Institute of Liver and Biliary Sciences  New Delhi,2013,U-0106,0,15,0,0,0,0,0,0,15,1,16
 Institute of Liver and Biliary Sciences  New Delhi,2014,U-0106,0,17,0,0,0,0,0,0,23,4,27
 Institute of Liver and Biliary Sciences  New Delhi,2015,U-0106,0,20,0,0,0,0,0,0,19,15,34
 Institute of Liver and Biliary Sciences  New Delhi,2016,U-0106,0,23,0,0,0,0,0,0,20,13,33
 Institute of Liver and Biliary Sciences  New Delhi,2017,U-0106,0,26,0,0,0,0,0,0,22,17,39
 Institute of Liver and Biliary Sciences  New Delhi,2018,U-0106,0,29,0,0,0,0,0,0,22,20,42
 Sher-I-Kashmir Instt. Of Medical Sciences  Srinagar,2013,U-0198,50,247,46,31,77,188,60,248,278,97,375
 Sher-I-Kashmir Instt. Of Medical Sciences  Srinagar,2014,U-0198,100,311,64,43,107,204,85,289,318,134,452
 Sher-I-Kashmir Instt. Of Medical Sciences  Srinagar,2015,U-0198,150,394,104,64,168,221,107,328,409,176,585
 Sher-I-Kashmir Instt. Of Medical Sciences  Srinagar,2016,U-0198,200,427,127,61,188,234,98,332,449,170,619
 Sher-I-Kashmir Instt. Of Medical Sciences  Srinagar,2017,U-0198,300,511,150,24,174,222,104,326,407,140,547
 Sher-I-Kashmir Instt. Of Medical Sciences  Srinagar,2018,U-0198,350,570,330,12,342,280,73,353,661,91,752
 National Institute of Mental Health & Neuro Sciences  Bangalore,2012,U-0236,0,207,17,160,177,99,39,138,165,308,473
 National Institute of Mental Health & Neuro Sciences  Bangalore,2013,U-0236,0,207,20,210,230,103,45,148,179,361,540
 National Institute of Mental Health & Neuro Sciences  Bangalore,2014,U-0236,0,207,23,250,273,113,44,157,251,505,756
 National Institute of Mental Health & Neuro Sciences  Bangalore,2015,U-0236,0,219,26,298,324,124,50,174,256,539,795
 National Institute of Mental Health & Neuro Sciences  Bangalore,2016,U-0236,0,231,30,310,340,129,65,194,293,583,876
 National Institute of Mental Health & Neuro Sciences  Bangalore,2017,U-0236,0,243,24,312,336,150,57,207,303,586,889
 National Institute of Mental Health & Neuro Sciences  Bangalore,2018,U-0236,0,243,30,312,342,171,63,234,331,603,934
 Sree Chitra Thirunal Institute for Medical Science and Technology  Thiruvananthapura,2015,U-0266,0,70,0,0,0,9,21,30,163,127,290
 Sree Chitra Thirunal Institute for Medical Science and Technology  Thiruvananthapura,2016,U-0266,0,59,0,0,0,14,20,34,165,127,292
 Sree Chitra Thirunal Institute for Medical Science and Technology  Thiruvananthapura,2017,U-0266,0,45,0,0,0,12,22,34,129,144,273
 Sree Chitra Thirunal Institute for Medical Science and Technology  Thiruvananthapura,2018,U-0266,0,45,0,0,0,12,22,34,114,139,253
 Krishna Institute of Medical Sciences  Karad,2012,U-0311,0,152,258,823,1081,128,139,267,416,1030,1446
 Krishna Institute of Medical Sciences  Karad,2013,U-0311,150,306,288,839,1127,142,118,260,457,1009,1466
 Krishna Institute of Medical Sciences  Karad,2014,U-0311,300,480,733,1009,1742,155,117,272,914,1166,2080
 Krishna Institute of Medical Sciences  Karad,2015,U-0311,450,661,758,1077,1835,154,93,247,929,1203,2132
 Krishna Institute of Medical Sciences  Karad,2016,U-0311,600,690,398,1088,1486,168,99,267,589,1212,1801
 Krishna Institute of Medical Sciences  Karad,2017,U-0311,800,749,0,0,0,0,0,0,0,0,0
 Krishna Institute of Medical Sciences  Karad,2018,U-0311,850,811,377,1239,1616,171,186,357,574,1443,2017
 Jawaharlal Institute of Postgraduate Medical Education & Research  Puducherry,2012,U-0368,1000,981,425,588,1013,179,132,311,630,747,1377
 Jawaharlal Institute of Postgraduate Medical Education & Research  Puducherry,2013,U-0368,1000,981,372,235,607,171,153,324,577,415,992
 Jawaharlal Institute of Postgraduate Medical Education & Research  Puducherry,2014,U-0368,1000,981,371,233,604,169,150,319,579,406,985
 Jawaharlal Institute of Postgraduate Medical Education & Research  Puducherry,2015,U-0368,1000,1128,500,382,882,185,153,338,719,549,1268
 Jawaharlal Institute of Postgraduate Medical Education & Research  Puducherry,2016,U-0368,1000,1275,562,541,1103,252,215,467,855,763,1618
 Jawaharlal Institute of Postgraduate Medical Education & Research  Puducherry,2017,U-0368,1000,1422,547,485,1032,247,215,462,840,708,1548
 Jawaharlal Institute of Postgraduate Medical Education & Research  Puducherry,2018,U-0368,1000,1422,547,485,1032,241,204,445,834,697,1531
 Guru Nanak Dev University  Amritsar,2012,U-0376,300,217,1503,1332,2835,769,1775,2544,2603,3366,5969
 Guru Nanak Dev University  Amritsar,2013,U-0376,200,3,10722,1579,12301,1344,2449,3793,12372,4360,16732
 Guru Nanak Dev University  Amritsar,2014,U-0376,100,3,1834,1672,3506,1095,2503,3598,3259,4570,7829
 Guru Nanak Dev University  Amritsar,2015,U-0376,0,3,1915,1770,3685,1203,2453,3656,3431,4552,7983
 Guru Nanak Dev University  Amritsar,2016,U-0376,0,3,1899,2033,3932,1169,2464,3633,3365,4858,8223
 Guru Nanak Dev University  Amritsar,2017,U-0376,0,3,2065,2232,4297,1355,2565,3920,3723,5127,8850
 Guru Nanak Dev University  Amritsar,2018,U-0376,0,3,1917,2285,4202,1282,2586,3868,3614,5443,9057
 National Institute of Medical Science & Research  Jaipur,2012,U-0415,500,386,5197,1226,6423,5287,853,6140,13388,2543,15931
 National Institute of Medical Science & Research  Jaipur,2013,U-0415,500,429,5723,1934,7657,4841,1516,6357,13434,4266,17700
 National Institute of Medical Science & Research  Jaipur,2014,U-0415,500,431,6186,2406,8592,4707,1644,6351,14436,5153,19589
 National Institute of Medical Science & Research  Jaipur,2015,U-0415,500,434,6345,2960,9305,3557,1565,5122,14121,6052,20173
 National Institute of Medical Science & Research  Jaipur,2016,U-0415,550,488,6967,2660,9627,5502,1816,7318,18587,6299,24886
 National Institute of Medical Science & Research  Jaipur,2017,U-0415,600,540,6732,3407,10139,5385,5686,11071,16227,10947,27174
 National Institute of Medical Science & Research  Jaipur,2018,U-0415,600,541,6772,3301,10073,3937,1533,5470,12116,5352,17468
 SRM Medical College Hospital & Research Centre  Kancheepuram,2012,U-0473,750,582,18246,5429,23675,5104,1598,6702,23560,7124,30684
 SRM Medical College Hospital & Research Centre  Kancheepuram,2013,U-0473,750,650,21584,5924,27508,5725,1583,7308,27643,7621,35264
 SRM Medical College Hospital & Research Centre  Kancheepuram,2014,U-0473,750,660,24514,7422,31936,4261,2031,6292,29495,9896,39391
 SRM Medical College Hospital & Research Centre  Kancheepuram,2015,U-0473,750,676,28849,8122,36971,3146,1273,4419,32810,9878,42688
 SRM Medical College Hospital & Research Centre  Kancheepuram,2016,U-0473,750,691,33440,9174,42614,2806,1243,4049,36996,10790,47786
 SRM Medical College Hospital & Research Centre  Kancheepuram,2017,U-0473,750,713,34109,9357,43466,2036,1086,3122,37079,11096,48175
 SRM Medical College Hospital & Research Centre  Kancheepuram,2018,U-0473,750,734,35726,10057,45783,1826,1129,2955,38582,11897,50479
 Sri Ramachandra Medical College & Research Institute  Chennai,2012,U-0478,1250,1112,783,1760,2543,381,612,993,1231,2487,3718
 Sri Ramachandra Medical College & Research Institute  Chennai,2013,U-0478,1250,1124,882,1947,2829,366,514,880,1322,2598,3920
 Sri Ramachandra Medical College & Research Institute  Chennai,2014,U-0478,1250,1170,1043,2162,3205,386,584,970,1513,2904,4417
 Sri Ramachandra Medical College & Research Institute  Chennai,2015,U-0478,1250,1233,1045,2264,3309,346,499,845,1469,2926,4395
 Sri Ramachandra Medical College & Research Institute  Chennai,2016,U-0478,1250,1291,1154,2562,3716,361,553,914,1597,3298,4895
 Sri Ramachandra Medical College & Research Institute  Chennai,2017,U-0478,1250,1313,1362,2911,4273,396,661,1057,1832,3734,5566
 Sri Ramachandra Medical College & Research Institute  Chennai,2018,U-0478,1250,1355,1498,3128,4626,403,743,1146,1976,4037,6013
 The Tamilnadu Dr. MGR Medical University Chennai,2012,U-0481,200,6,0,0,0,18,12,30,25,16,41
 The Tamilnadu Dr. MGR Medical University Chennai,2013,U-0481,100,7,0,0,0,2,2,4,8,4,12
 The Tamilnadu Dr. MGR Medical University Chennai,2014,U-0481,0,8,0,0,0,7,9,16,25,20,45
 The Tamilnadu Dr. MGR Medical University Chennai,2015,U-0481,0,9,0,0,0,6,7,13,18,16,34
 The Tamilnadu Dr. MGR Medical University Chennai,2016,U-0481,0,9,0,0,0,4,0,4,18,7,25
 The Tamilnadu Dr. MGR Medical University Chennai,2017,U-0481,0,11,0,0,0,3,8,11,33,20,53
 The Tamilnadu Dr. MGR Medical University Chennai,2018,U-0481,0,13,0,0,0,3,7,10,33,19,52
 King George Medical University  Lucknow,2012,U-0523,1250,1330,184,100,284,87,55,142,273,155,428
 King George Medical University  Lucknow,2013,U-0523,1250,1336,184,100,284,101,65,166,321,168,489
 King George Medical University  Lucknow,2014,U-0523,1250,1338,177,129,306,84,86,170,292,217,509
 King George Medical University  Lucknow,2015,U-0523,1250,1338,193,122,315,97,76,173,323,200,523
 King George Medical University  Lucknow,2016,U-0523,1250,1343,180,112,292,89,89,178,304,202,506
 King George Medical University  Lucknow,2017,U-0523,1250,1387,231,113,344,80,84,164,360,208,568
 King George Medical University  Lucknow,2018,U-0523,1250,1454,959,540,1499,196,173,369,1216,735,1951
 All India Institute of Medical Sciences  Patna,2014,U-0686,500,300,161,176,337,0,0,0,161,176,337
 All India Institute of Medical Sciences  Patna,2015,U-0686,500,300,161,176,337,0,0,0,161,176,337
 All India Institute of Medical Sciences  Patna,2016,U-0686,500,300,226,271,497,0,0,0,226,271,497
 All India Institute of Medical Sciences  Patna,2017,U-0686,500,300,295,360,655,0,0,0,295,360,655
 All India Institute of Medical Sciences  Patna,2018,U-0686,500,300,359,394,753,0,0,0,359,394,753
 All India Institute of Medical Sciences  Bhopal,2014,U-0687,300,300,67,93,160,0,0,0,67,93,160
 All India Institute of Medical Sciences  Bhopal,2015,U-0687,400,300,86,76,162,0,0,0,86,76,162
 All India Institute of Medical Sciences  Bhopal,2016,U-0687,500,300,86,76,162,0,0,0,86,76,162
 All India Institute of Medical Sciences  Bhopal,2017,U-0687,500,300,80,80,160,0,0,0,80,80,160
 All India Institute of Medical Sciences  Bhubaneswar,2014,U-0688,600,300,111,99,210,0,0,0,111,99,210
 All India Institute of Medical Sciences  Bhubaneswar,2015,U-0688,550,300,168,202,370,0,0,0,168,202,370
 All India Institute of Medical Sciences  Bhubaneswar,2016,U-0688,500,300,238,292,530,0,0,0,238,292,530
 All India Institute of Medical Sciences  Bhubaneswar,2017,U-0688,500,300,335,385,720,5,6,11,340,391,731
 All India Institute of Medical Sciences  Bhubaneswar,2018,U-0688,500,300,408,438,846,14,17,31,422,455,877
 All India Institute of Medical Sciences  Jodhpur,2014,U-0689,600,300,173,197,370,0,0,0,173,197,370
 All India Institute of Medical Sciences  Jodhpur,2017,U-0689,500,300,327,301,628,14,10,24,341,311,652
 All India Institute of Medical Sciences  Raipur,2014,U-0690,500,300,88,122,210,0,0,0,88,122,210
 All India Institute of Medical Sciences  Raipur,2015,U-0690,500,300,144,215,359,0,0,0,144,215,359
 All India Institute of Medical Sciences  Raipur,2016,U-0690,500,300,202,316,518,0,0,0,202,316,518
 All India Institute of Medical Sciences  Raipur,2017,U-0690,500,300,278,400,678,0,0,0,278,400,678
 All India Institute of Medical Sciences  Raipur,2018,U-0690,500,300,344,429,773,9,0,9,353,429,782
 All India Institute of Medical Sciences  Rishikesh,2014,U-0691,600,300,97,113,210,0,0,0,97,113,210
 All India Institute of Medical Sciences  Rishikesh,2015,U-0691,550,300,168,202,370,0,0,0,168,202,370
 All India Institute of Medical Sciences  Rishikesh,2016,U-0691,500,300,236,293,529,0,0,0,236,293,529
 All India Institute of Medical Sciences  Rishikesh,2017,U-0691,500,300,313,374,687,14,4,18,327,378,705
 All India Institute of Medical Sciences  Rishikesh,2018,U-0691,500,300,381,403,784,70,53,123,451,456,907
